,83,93,103,113,123,133,143,153,163,173,183,193,203,213,223,233,243,253,263,273,283,293,298
2.9968339898977696,2.3999999999999977,19.1,39.4,34.4,19.000000000000004,35.099999999999994,20.4,50.400000000000006,54.09999999999999,44.5,40.49999999999999,27.799999999999997,31.1,53.3,24.8,38.3,16.099999999999998,38.400000000000006,26.1,23.799999999999997,9.699999999999998,28.5,24.200000000000003
2.9930724854570467,-4.199999999999999,21.1,38.8,27.299999999999997,22.000000000000004,33.3,13.599999999999998,53.4,48.89999999999999,40.0,40.1,20.299999999999997,35.1,47.5,19.5,29.5,13.0,33.4,26.4,18.3,7.799999999999999,24.6,28.800000000000004
2.9893924783027965,-12.5,21.1,36.1,25.3,15.6,28.1,13.8,56.6,42.69999999999999,37.4,38.3,17.9,35.7,39.7,22.5,28.899999999999995,8.899999999999999,25.8,19.9,17.899999999999995,10.000000000000002,21.7,26.5
2.985649619570452,-7.2,23.6,40.4,22.899999999999995,19.800000000000004,28.7,22.9,56.3,38.399999999999984,42.9,39.7,26.1,42.6,38.1,32.099999999999994,35.9,17.3,27.3,18.9,18.7,14.2,23.6,24.899999999999995
2.9819161215852255,-2.899999999999997,30.5,45.89999999999999,26.0,25.9,41.1,32.6,56.8,36.19999999999999,57.3,54.1,32.7,51.8,43.2,48.00000000000001,48.500000000000014,30.500000000000007,33.900000000000006,19.600000000000005,24.9,21.500000000000004,25.9,32.1
2.978263480244986,-0.5,30.7,43.0,27.2,31.700000000000003,49.8,39.49999999999999,51.1,35.4,64.3,53.0,37.0,46.8,46.5,59.1,53.3,40.2,39.3,20.9,28.1,28.9,22.0,32.099999999999994
2.974548420370859,-1.100000000000002,30.5,39.6,31.4,35.50000000000001,49.400000000000006,40.6,50.6,37.5,64.6,52.7,35.5,44.6,45.5,63.5,47.4,49.2,41.1,22.4,26.6,27.8,23.2,31.8
2.970913795581964,-1.000000000000001,35.7,36.7,30.0,40.2,47.9,46.3,46.1,42.7,57.49999999999999,49.1,40.8,46.99999999999999,43.6,64.3,46.3,50.4,45.39999999999999,17.0,20.3,26.5,16.799999999999997,35.4
2.9672170375687967,-2.3000000000000016,42.49999999999999,35.7,25.7,49.0,48.8,53.99999999999999,42.2,44.1,56.7,59.9,46.19999999999999,49.39999999999999,51.60000000000001,66.89999999999999,47.2,59.6,55.5,18.6,17.6,21.5,24.6,38.3
2.9636002963600294,-12.8,38.0,31.200000000000003,19.8,45.99999999999999,37.29999999999999,47.89999999999999,40.3,41.5,48.6,66.1,44.7,38.400000000000006,47.3,62.7,42.70000000000001,60.7,53.1,17.9,26.4,28.500000000000004,26.800000000000004,34.39999999999999
2.9599217052968276,-11.7,37.1,32.1,17.7,50.1,35.49999999999999,47.8,37.39999999999999,46.29999999999999,48.1,66.8,48.69999999999999,39.0,58.8,71.39999999999999,43.900000000000006,70.69999999999999,56.7,26.3,30.9,37.0,31.300000000000004,33.6
2.9563227160022887,-15.6,36.0,35.50000000000001,17.5,45.4,32.4,49.6,27.8,47.6,55.6,64.5,52.29999999999999,31.0,58.4,69.1,43.1,63.49999999999999,60.0,27.500000000000004,26.700000000000003,33.6,28.599999999999994,23.8
2.952662158300791,-11.7,38.1,37.0,20.3,46.1,32.3,52.0,21.6,50.99999999999999,55.4,62.49999999999999,54.49999999999999,29.4,63.6,69.8,46.60000000000001,65.6,64.3,27.3,27.700000000000003,33.8,28.8,25.6
2.949080790543915,-10.9,37.7,32.5,23.3,49.2,37.7,49.0,33.2,54.7,55.4,60.7,49.6,27.8,63.9,76.4,45.3,63.29999999999998,68.7,32.400000000000006,28.5,29.000000000000004,25.7,28.1
2.945438133922421,-20.8,24.7,20.3,17.9,39.1,27.5,35.3,29.700000000000003,48.60000000000001,38.2,41.9,35.1,18.9,49.3,56.3,29.499999999999996,49.6,54.4,23.5,19.7,19.1,14.9,12.999999999999996
2.941874258600237,-20.9,21.899999999999995,15.699999999999998,15.7,35.9,23.2,27.199999999999992,31.7,35.0,27.9,36.0,25.4,17.4,42.8,49.900000000000006,21.599999999999994,46.99999999999999,40.99999999999999,14.599999999999998,19.8,9.499999999999996,11.599999999999998,13.099999999999998
2.9383189971801618,-17.8,27.399999999999995,12.4,17.000000000000004,28.0,21.3,29.300000000000004,35.900000000000006,28.6,30.200000000000003,34.7,18.6,21.7,39.7,46.8,23.3,42.5,38.8,10.6,19.0,8.999999999999998,8.699999999999998,15.5
2.93470286133529,-18.200000000000003,23.5,7.4999999999999964,13.599999999999998,18.299999999999997,11.8,26.9,32.599999999999994,19.79999999999999,31.0,27.7,7.899999999999995,17.299999999999997,31.90000000000001,32.3,19.8,35.099999999999994,30.7,3.899999999999997,17.0,10.699999999999996,9.599999999999996,11.0
2.931164901664145,-16.999999999999996,26.8,5.499999999999997,13.6,25.700000000000006,5.799999999999997,24.7,32.3,20.5,25.899999999999995,22.6,3.3999999999999986,16.8,27.700000000000006,34.1,20.6,28.399999999999995,23.9,-1.200000000000001,18.9,12.799999999999995,7.999999999999998,9.999999999999996
2.9275663424308243,-16.999999999999996,26.4,5.3,11.1,28.7,10.700000000000005,23.6,29.5,18.700000000000003,24.0,13.2,2.700000000000001,14.199999999999998,27.800000000000004,31.0,18.6,27.3,16.4,-0.8999999999999999,9.000000000000002,3.0999999999999983,2.900000000000001,4.6
2.9240455585162826,-12.9,25.5,13.400000000000006,18.6,30.700000000000003,19.8,26.1,40.60000000000001,16.8,28.1,21.10000000000001,11.3,12.599999999999998,27.700000000000003,30.8,23.8,35.2,17.000000000000004,-2.6999999999999997,15.300000000000006,9.900000000000002,2.200000000000001,9.000000000000004
2.9204644480557715,-6.5,21.0,4.399999999999999,23.5,29.7,22.9,24.399999999999995,49.70000000000001,11.200000000000005,22.4,17.0,11.1,10.8,28.4,33.2,27.7,41.4,12.4,-0.5999999999999992,14.5,18.6,1.2999999999999994,13.5
2.9169607151258528,-10.2,23.4,-1.0000000000000009,18.9,24.0,22.000000000000004,19.6,49.3,11.400000000000002,25.4,18.1,9.2,13.000000000000002,24.2,30.8,28.9,40.9,9.9,1.1999999999999995,3.599999999999998,23.700000000000003,-2.800000000000001,12.2
2.913396926836145,-11.4,21.7,-2.700000000000001,17.0,18.6,17.3,12.8,41.4,12.900000000000004,24.5,19.1,6.299999999999998,13.1,23.8,26.6,28.4,30.0,-0.9000000000000012,-3.400000000000001,-1.1999999999999993,23.6,-5.8000000000000025,12.1
2.9099101213244785,-11.500000000000002,19.4,-1.9000000000000008,17.0,16.499999999999996,18.4,19.2,38.2,11.7,26.5,18.8,0.899999999999997,13.8,31.6,21.5,28.9,26.99999999999999,-7.4,-6.300000000000001,-2.3999999999999986,24.2,-8.399999999999999,8.799999999999997
2.9064316519782487,-5.399999999999998,23.4,2.3,14.0,20.9,20.6,21.6,38.69999999999999,20.2,29.2,24.0,4.8,20.4,37.8,18.1,34.3,28.09999999999999,-8.400000000000002,2.8000000000000007,-3.7999999999999994,32.4,-5.199999999999999,8.199999999999998
2.9028935293566813,6.2000000000000055,23.2,9.6,10.500000000000004,27.6,25.4,17.8,29.7,23.4,35.3,25.1,13.200000000000005,19.6,42.1,19.4,35.3,29.3,-3.799999999999996,4.700000000000001,-1.0999999999999974,32.2,-2.099999999999999,7.900000000000002
2.8994318048962984,8.3,25.4,11.7,17.500000000000004,33.5,34.3,20.4,31.700000000000003,26.999999999999996,35.8,26.9,25.500000000000004,26.7,45.89999999999999,31.40000000000001,43.6,36.4,3.700000000000004,15.500000000000002,9.000000000000004,33.7,6.4,15.2
2.8959106938508605,7.399999999999998,20.0,12.4,19.6,21.0,34.8,17.099999999999998,26.0,24.9,36.29999999999999,23.9,29.4,28.3,45.39999999999999,32.2,40.2,41.3,2.4999999999999982,18.9,13.3,29.9,5.099999999999999,12.699999999999998
2.892465593655237,9.4,22.100000000000005,11.0,19.800000000000004,15.199999999999998,30.8,20.2,25.700000000000003,26.4,33.89999999999999,26.6,30.90000000000001,36.89999999999999,44.49999999999999,32.7,39.2,38.9,5.400000000000002,22.6,16.4,37.00000000000001,8.600000000000001,18.700000000000003
2.88896137179069,14.099999999999996,24.3,8.5,24.100000000000005,11.9,28.700000000000003,25.1,23.300000000000004,34.2,25.0,24.700000000000003,28.3,41.5,39.7,28.8,40.2,28.9,8.300000000000002,24.200000000000003,18.2,32.300000000000004,11.8,22.1
2.8855327763944802,19.1,31.6,17.900000000000002,29.9,19.800000000000004,28.7,34.2,22.700000000000003,37.0,25.9,34.300000000000004,39.1,50.6,40.7,24.3,42.6,30.2,15.900000000000004,29.500000000000004,25.8,36.6,16.7,28.9
2.882112309408702,21.3,25.2,31.500000000000007,31.5,27.6,24.5,38.5,18.9,33.9,29.1,33.3,47.2,51.7,39.9,29.800000000000004,42.6,32.9,18.1,37.3,32.7,36.7,23.3,33.0
2.8786331135667194,26.7,31.5,38.3,33.9,31.8,28.8,47.7,15.3,29.4,37.6,32.0,53.49999999999999,48.900000000000006,41.49999999999999,31.1,43.1,45.2,22.9,41.2,35.599999999999994,40.0,29.9,32.99999999999999
2.8752289748881212,23.099999999999994,37.7,38.3,35.7,35.4,25.0,48.39999999999999,14.1,29.9,39.0,28.0,61.3,46.89999999999999,39.6,33.8,41.6,44.9,24.8,47.8,33.49999999999999,46.9,26.9,34.2
2.8718328778544633,20.6,29.9,35.7,42.9,32.099999999999994,25.200000000000003,53.29999999999999,15.2,28.000000000000004,40.3,32.599999999999994,67.1,51.0,37.1,33.3,36.6,44.0,27.099999999999994,50.1,28.099999999999994,41.39999999999999,30.799999999999997,30.099999999999994
2.8683784408975246,11.1,26.4,29.4,42.5,31.7,21.3,55.19999999999999,17.900000000000002,26.8,34.4,32.300000000000004,71.9,54.400000000000006,29.999999999999996,34.099999999999994,34.99999999999999,42.4,30.300000000000004,57.3,28.099999999999994,44.0,32.599999999999994,25.8
2.8649984981862713,8.099999999999998,24.7,32.39999999999999,39.9,36.1,19.2,46.6,22.5,25.4,30.099999999999994,33.9,66.5,47.3,28.1,29.4,35.5,37.4,30.800000000000004,55.2,27.9,38.49999999999999,27.5,18.4
2.861560473542104,15.1,25.3,43.3,47.1,43.4,24.8,50.7,36.2,29.3,40.5,44.4,65.3,52.3,35.800000000000004,32.300000000000004,40.3,41.1,37.5,58.00000000000001,30.0,45.7,34.300000000000004,28.5
2.858196570164116,7.899999999999995,16.399999999999995,39.4,45.6,41.0,21.599999999999994,40.1,35.3,18.8,38.3,37.4,52.79999999999999,40.8,28.499999999999996,29.0,31.29999999999999,40.2,30.8,50.49999999999999,23.6,31.899999999999995,23.1,21.200000000000003
2.8548405663635315,3.6999999999999993,14.499999999999998,30.6,42.400000000000006,39.4,16.799999999999997,34.3,30.4,8.599999999999998,37.79999999999999,30.3,46.9,35.5,20.89999999999999,26.1,21.0,36.5,28.3,45.8,13.9,29.700000000000003,15.199999999999996,13.7
2.851426863200497,-8.900000000000002,7.799999999999999,19.4,34.6,21.399999999999995,6.999999999999998,15.999999999999991,24.3,3.5,25.0,10.799999999999995,33.599999999999994,28.0,11.199999999999998,23.4,8.199999999999998,24.0,21.8,40.50000000000001,5.1999999999999975,13.4,3.099999999999995,1.5
2.8480867288345815,-12.8,16.0,9.9,38.3,23.3,11.699999999999996,14.400000000000002,30.40000000000001,11.300000000000004,20.0,11.500000000000004,28.3,21.2,16.200000000000003,18.9,5.7,26.3,27.3,39.9,0.0999999999999992,11.500000000000004,-1.8000000000000007,-1.6999999999999988
2.8447544105164146,-18.3,9.099999999999998,-6.6000000000000005,30.39999999999999,20.9,0.7999999999999958,4.599999999999998,30.1,6.399999999999997,2.999999999999997,3.1999999999999984,19.099999999999994,18.8,13.799999999999995,9.7,0.2999999999999989,20.9,23.9,41.4,-10.8,1.6999999999999993,-9.200000000000005,-8.2
2.8413647716596775,-15.7,3.1999999999999984,-6.499999999999997,28.89999999999999,23.100000000000005,0.2000000000000001,2.4000000000000004,33.300000000000004,3.1999999999999966,3.400000000000002,3.299999999999998,17.699999999999996,18.899999999999995,11.4,12.499999999999998,4.999999999999998,22.3,26.3,48.0,-12.1,-3.3999999999999986,-1.299999999999999,-0.6999999999999993
2.838048155268699,-20.9,14.099999999999998,0.1000000000000032,24.099999999999994,26.1,2.800000000000004,2.500000000000002,38.9,7.699999999999999,6.4,-3.6999999999999993,14.500000000000002,14.1,11.7,15.900000000000002,11.800000000000002,22.7,32.2,49.60000000000001,-6.1,1.2000000000000033,-4.6000000000000005,6.300000000000001
2.8347392725693252,-21.6,16.900000000000002,1.200000000000001,26.5,25.500000000000004,3.400000000000002,0.9000000000000017,45.7,7.299999999999999,6.500000000000002,-0.9999999999999976,6.4,13.0,24.9,10.2,8.499999999999998,19.7,28.8,42.4,-10.5,-3.5999999999999988,-8.1,10.2
2.83137344445713,-24.1,22.3,6.000000000000003,26.7,25.200000000000003,6.600000000000001,8.4,51.0,10.200000000000005,12.300000000000002,1.9000000000000024,10.900000000000002,19.4,29.8,9.8,9.1,22.6,26.4,47.1,-15.999999999999996,3.6000000000000023,-1.3999999999999977,15.999999999999998
2.8280800985266614,-33.2,24.9,6.200000000000005,22.8,24.8,11.700000000000005,6.6,48.8,16.600000000000005,12.6,2.2000000000000046,9.9,21.600000000000005,27.300000000000004,9.500000000000002,10.1,21.5,26.1,52.0,-14.099999999999996,10.900000000000006,-0.3999999999999994,13.7
2.8247944050846296,-36.400000000000006,26.2,4.4,23.5,26.1,15.6,10.099999999999998,49.7,19.4,11.999999999999998,7.1,17.0,25.8,30.4,12.3,19.7,21.6,24.1,55.19999999999999,-12.4,15.099999999999998,2.4999999999999982,8.199999999999996
2.8215163374897605,-39.6,14.999999999999998,10.9,10.999999999999996,15.399999999999997,11.799999999999994,-0.1000000000000043,34.9,17.7,12.6,-3.000000000000004,15.099999999999998,15.59999999999999,34.1,2.699999999999996,17.799999999999997,9.399999999999991,5.299999999999995,46.6,-10.499999999999998,10.8,-8.000000000000002,-1.8000000000000052
2.8181818181818183,-37.3,1.5999999999999917,23.9,-3.800000000000008,9.399999999999991,4.099999999999992,-10.500000000000009,18.69999999999999,27.9,21.1,-6.300000000000006,25.9,18.200000000000003,45.3,-4.600000000000003,11.999999999999996,-3.20000000000001,-15.600000000000003,23.89999999999999,5.300000000000007,23.500000000000007,-24.200000000000003,-15.500000000000009
2.8149190710767065,-32.2,0.4000000000000074,21.8,0.1000000000000014,5.100000000000001,9.100000000000003,-10.199999999999996,14.6,23.8,20.5,-10.8,22.0,18.299999999999997,43.49999999999999,-7.799999999999997,6.4999999999999964,-3.899999999999999,-27.2,20.899999999999995,15.600000000000003,18.8,-24.2,-16.999999999999996
2.811663870119269,-31.999999999999996,9.200000000000005,30.8,10.6,4.800000000000001,18.300000000000004,-11.3,13.000000000000004,30.3,32.5,-2.100000000000002,27.0,18.799999999999997,51.2,-2.5999999999999983,11.500000000000002,0.8000000000000025,-24.0,20.1,21.9,24.2,-18.599999999999994,-14.899999999999997
2.8083525841373373,-26.299999999999997,12.299999999999995,42.39999999999999,21.0,4.800000000000001,23.3,-17.799999999999997,6.700000000000003,39.2,33.1,1.8000000000000007,29.6,25.1,55.4,-0.5999999999999992,14.600000000000003,5.700000000000002,-11.399999999999991,11.999999999999998,24.4,25.500000000000004,-17.099999999999994,-16.699999999999996
2.8051125438298836,-20.999999999999996,7.399999999999999,45.39999999999999,30.8,7.700000000000002,17.2,-21.2,2.0000000000000018,38.5,30.6,4.200000000000001,34.2,29.200000000000003,54.7,2.500000000000004,14.2,5.900000000000002,-9.899999999999997,2.299999999999997,26.500000000000004,20.4,-13.499999999999996,-22.4
2.801879971077368,-18.399999999999995,6.4,43.99999999999999,28.0,6.199999999999999,15.6,-22.5,-8.3,41.0,29.7,6.500000000000001,34.39999999999999,30.1,46.6,5.500000000000002,18.5,10.0,-5.9999999999999964,5.500000000000003,26.6,24.8,-16.099999999999994,-24.399999999999995
2.7986548400929876,-18.7,-6.1999999999999975,30.799999999999997,21.7,-6.000000000000002,3.899999999999999,-26.200000000000003,-29.0,37.6,22.9,-0.0999999999999987,19.899999999999995,17.899999999999995,36.79999999999999,-1.2999999999999998,7.599999999999997,3.899999999999999,-11.000000000000002,-4.900000000000004,16.699999999999996,13.799999999999995,-30.2,-32.9
2.79537410672017,-22.4,-13.299999999999995,19.5,10.700000000000005,-15.800000000000002,-7.1000000000000005,-31.1,-38.1,28.9,9.999999999999996,-15.5,19.200000000000003,8.4,23.2,-12.4,-5.100000000000001,-0.5999999999999965,-19.7,-15.499999999999998,5.399999999999999,-4.200000000000003,-38.39999999999999,-40.8
2.7921639270434584,-10.2,-7.999999999999998,31.700000000000003,10.900000000000004,-8.999999999999996,-5.599999999999997,-30.700000000000003,-32.39999999999999,42.5,23.300000000000004,-7.399999999999993,29.7,12.400000000000002,34.9,-6.999999999999995,-1.299999999999999,9.900000000000006,-8.199999999999996,-0.9999999999999968,19.000000000000007,4.200000000000004,-27.599999999999987,-25.89999999999999
2.788961111985785,-4.599999999999998,-1.500000000000001,34.4,20.6,0.9000000000000012,7.300000000000004,-19.800000000000004,-14.9,47.49999999999999,29.1,7.100000000000004,33.9,23.6,42.6,4.500000000000002,6.399999999999999,30.6,4.900000000000002,13.1,23.4,8.100000000000001,-12.399999999999997,-12.399999999999997
2.785765636232926,-1.4000000000000008,12.499999999999998,30.2,30.6,16.7,25.500000000000004,4.000000000000003,3.9,40.8,31.600000000000005,22.3,29.5,19.8,32.2,15.3,22.6,51.4,23.3,34.3,13.0,-0.3000000000000002,8.799999999999999,7.500000000000002
2.7825150345570417,-0.0999999999999993,11.6,38.0,19.700000000000003,17.6,20.5,2.2,-3.400000000000005,38.1,35.00000000000001,27.7,28.499999999999996,25.000000000000004,31.700000000000003,14.499999999999998,26.2,45.0,23.4,29.3,6.1,4.600000000000001,2.399999999999997,9.0
2.779334304606074,2.3000000000000007,11.100000000000003,41.2,19.1,19.6,22.9,8.6,-5.1000000000000005,43.400000000000006,36.60000000000001,32.5,34.0,23.3,28.700000000000003,18.800000000000004,26.0,43.7,27.000000000000004,26.800000000000004,10.5,10.500000000000002,-1.200000000000002,15.500000000000002
2.776160838221466,-3.6,17.200000000000003,32.39999999999999,3.199999999999998,17.300000000000004,14.699999999999996,9.299999999999995,-1.200000000000001,40.4,36.7,33.2,26.899999999999995,18.4,23.9,20.3,21.700000000000003,41.7,28.00000000000001,30.9,18.8,18.800000000000004,2.900000000000002,20.1
2.772994610550797,-4.9999999999999964,28.8,37.1,0.3000000000000034,16.700000000000003,23.9,15.1,3.0000000000000018,46.9,40.3,34.5,22.0,21.7,26.6,21.6,24.9,47.900000000000006,36.400000000000006,58.900000000000006,40.2,44.10000000000001,22.60000000000001,43.900000000000006
2.769773727355983,-1.2999999999999965,40.7,49.9,8.700000000000003,28.000000000000004,39.8,24.500000000000004,16.1,51.2,49.99999999999999,43.1,31.3,31.3,35.900000000000006,34.80000000000001,37.8,59.00000000000001,51.20000000000001,84.50000000000001,76.50000000000001,71.2,48.10000000000001,73.0
2.7666220437304774,6.3,58.3,62.6,19.5,44.8,57.3,31.5,42.1,63.8,56.7,55.9,46.6,41.0,61.50000000000001,49.2,55.1,70.7,71.7,102.5,100.0,94.2,65.89999999999999,97.2
2.7634775244590046,17.499999999999996,70.5,67.6,34.5,65.1,64.1,35.8,57.3,72.69999999999999,68.79999999999998,76.2,50.8,43.0,81.0,56.6,69.5,74.6,87.2,113.3,108.7,110.6,76.6,107.1
2.7603401451404657,14.299999999999995,71.89999999999999,62.0,34.8,71.60000000000001,59.39999999999999,40.10000000000001,52.8,64.9,59.49999999999999,67.49999999999999,45.89999999999999,46.8,73.0,56.20000000000001,67.69999999999999,63.7,83.89999999999999,103.3,108.2,108.9,69.1,103.09999999999998
2.757209881484446,17.200000000000003,87.69999999999999,67.8,38.2,79.80000000000001,56.400000000000006,50.10000000000001,54.89999999999999,67.19999999999999,56.29999999999998,67.69999999999999,52.7,51.7,75.89999999999999,66.9,69.69999999999999,63.6,95.0,109.4,116.0,109.6,70.20000000000002,109.5
2.754025541365908,15.599999999999998,94.0,72.2,48.8,76.1,54.3,47.900000000000006,56.4,69.89999999999999,59.39999999999999,72.49999999999999,52.49999999999999,58.3,82.4,69.5,67.0,66.0,107.2,115.1,116.29999999999998,112.7,76.8,111.79999999999998
2.7509095749401014,17.1,91.5,68.89999999999999,54.7,74.6,52.9,54.10000000000001,69.3,75.3,58.89999999999999,76.69999999999999,64.69999999999999,57.4,82.5,76.3,70.3,72.3,122.9,121.0,119.79999999999998,115.7,90.9,115.39999999999998
2.747800651494671,15.799999999999995,86.89999999999999,68.69999999999999,55.3,74.9,49.79999999999999,59.7,79.69999999999999,67.69999999999999,50.6,65.69999999999999,66.1,61.7,81.4,72.60000000000001,74.0,73.9,128.29999999999998,118.9,118.89999999999998,111.2,94.0,105.5
2.74469874717783,23.0,95.6,77.19999999999999,75.7,86.8,67.5,77.60000000000002,88.6,79.30000000000001,54.1,69.1,87.89999999999999,76.80000000000001,90.6,78.00000000000001,92.5,80.30000000000001,131.5,123.2,116.59999999999998,109.2,95.2,109.79999999999998
2.7416038382453736,21.5,89.49999999999999,69.5,80.6,88.29999999999998,66.6,79.7,94.4,82.2,50.900000000000006,71.89999999999999,87.89999999999999,76.2,89.10000000000001,79.4,95.4,78.89999999999999,126.3,105.1,99.9,91.3,80.1,100.9
2.7385159010600706,18.300000000000004,79.6,60.39999999999999,75.8,77.6,54.9,69.39999999999999,90.2,77.19999999999999,44.400000000000006,67.1,80.29999999999998,71.6,89.1,70.19999999999999,84.9,71.1,110.5,83.8,74.5,66.4,64.1,78.2
2.7353745698402894,20.000000000000004,74.3,62.6,70.19999999999999,74.1,52.6,69.1,80.5,69.5,46.1,68.2,78.1,75.8,78.69999999999999,64.69999999999999,81.8,69.5,100.79999999999998,77.0,73.8,51.0,63.3,63.40000000000001
2.7323006412092634,13.9,61.29999999999998,67.8,59.9,61.99999999999999,52.3,66.29999999999998,78.3,70.50000000000001,47.6,63.8,82.7,78.89999999999999,68.1,65.5,79.69999999999999,67.89999999999999,99.29999999999998,71.69999999999999,78.69999999999999,46.7,59.2,59.3
2.7292336135933444,16.199999999999996,60.59999999999999,73.49999999999999,62.8,60.400000000000006,66.0,72.5,82.2,78.6,59.3,71.1,84.19999999999999,80.8,74.8,67.3,86.1,81.10000000000001,106.39999999999998,76.99999999999999,80.4,49.89999999999999,66.9,63.8
2.7261734637792676,10.4,46.6,70.0,62.0,57.9,64.39999999999999,65.6,79.60000000000001,76.3,62.7,66.1,77.5,76.19999999999999,67.6,62.400000000000006,81.1,78.19999999999999,101.99999999999996,76.7,69.39999999999999,48.99999999999999,69.39999999999999,52.6
2.7231201686577653,17.9,47.49999999999999,71.2,63.2,70.0,69.4,65.89999999999999,85.0,77.39999999999999,64.4,70.19999999999999,80.69999999999999,79.9,71.0,67.89999999999999,85.29999999999998,87.6,97.4,80.9,71.8,52.1,73.39999999999999,55.0
2.72007370522298,18.5,53.5,75.89999999999999,72.3,70.89999999999999,74.0,66.39999999999999,88.60000000000001,80.8,72.3,71.5,75.2,84.9,79.5,68.1,84.1,93.9,98.5,89.30000000000001,78.3,58.1,72.89999999999999,60.2
2.716974517408357,13.499999999999996,46.2,78.8,67.69999999999999,62.39999999999999,68.2,58.29999999999999,82.39999999999999,84.49999999999999,78.49999999999999,74.6,58.79999999999999,84.8,71.6,65.3,77.39999999999999,96.7,90.2,89.4,73.49999999999999,59.8,68.59999999999998,68.8
2.71394178157146,4.699999999999999,29.3,73.89999999999999,53.6,51.79999999999998,55.1,43.29999999999998,74.3,74.6,75.5,72.2,41.3,70.39999999999999,61.50000000000001,61.50000000000001,64.3,90.7,77.2,81.60000000000001,71.79999999999998,57.4,60.49999999999999,62.1
2.7109158085743643,-1.2000000000000006,25.7,67.89999999999999,42.49999999999999,47.69999999999999,54.69999999999999,29.4,65.5,63.900000000000006,69.6,65.0,39.09999999999999,63.9,52.99999999999999,54.7,51.09999999999999,84.89999999999999,73.9,73.30000000000001,60.19999999999999,55.8,53.2,50.7
2.707896575821104,-12.500000000000004,14.799999999999995,63.89999999999999,35.79999999999999,42.89999999999999,52.1,27.0,59.7,58.400000000000006,60.1,52.8,34.39999999999999,52.89999999999999,43.7,46.7,43.49999999999999,76.49999999999999,69.4,67.7,52.39999999999999,51.7,46.89999999999999,37.29999999999999
2.7048840608162643,-25.300000000000004,-3.552713678800501e-15,57.69999999999999,33.099999999999994,30.3,40.3,18.8,56.7,55.7,49.69999999999999,37.8,31.699999999999992,40.79999999999999,33.2,41.2,30.399999999999995,66.1,52.49999999999999,56.99999999999999,37.99999999999999,54.1,34.8,37.1
2.7018782411644224,-30.1,-0.2000000000000019,46.69999999999998,29.599999999999994,17.999999999999996,36.0,10.299999999999995,45.8,46.7,38.7,27.3,25.1,34.3,26.6,39.7,21.2,55.09999999999999,40.2,52.3,28.8,51.6,26.899999999999995,39.8
2.698879094569594,-38.6,-1.5999999999999952,37.2,23.399999999999995,5.899999999999999,20.599999999999994,5.4,39.6,43.50000000000001,28.2,22.3,21.3,23.3,16.4,33.2,12.7,38.79999999999999,35.8,45.8,17.5,50.9,23.4,38.1
2.695886598834681,-35.9,0.4000000000000048,33.5,22.3,10.200000000000006,18.9,13.2,42.1,48.6,35.50000000000001,24.0,27.1,22.40000000000001,11.9,29.500000000000004,14.300000000000002,35.09999999999999,32.900000000000006,35.79999999999999,23.800000000000004,47.7,20.1,43.19999999999999
2.6929007318609246,-39.4,-0.2999999999999976,30.599999999999994,26.5,10.600000000000003,16.200000000000003,16.900000000000002,41.2,52.1,39.80000000000001,16.900000000000002,31.40000000000001,17.500000000000004,7.8,27.800000000000004,19.300000000000004,28.700000000000003,33.800000000000004,33.7,28.700000000000006,49.6,24.300000000000004,45.6
2.68992147164736,-39.6,-1.799999999999998,32.6,24.4,15.200000000000005,10.8,17.100000000000005,35.9,55.8,40.0,13.6,35.3,15.3,-0.3999999999999981,26.5,23.1,29.6,24.7,30.9,21.9,47.60000000000001,21.5,44.8
2.6868905742145177,-37.7,7.000000000000001,31.9,20.399999999999995,21.6,7.699999999999997,23.4,35.0,52.7,36.3,14.0,43.19999999999999,14.6,1.7000000000000006,24.5,20.099999999999994,25.5,26.000000000000004,33.300000000000004,30.0,47.400000000000006,29.1,46.0
2.6839245903768316,-35.599999999999994,6.6,23.2,17.899999999999995,21.0,4.599999999999997,17.099999999999994,30.3,46.2,29.59999999999999,12.0,38.89999999999999,14.3,-4.300000000000003,18.1,13.2,19.9,22.3,32.300000000000004,30.4,44.9,30.0,47.39999999999999
2.680965147453083,-27.5,13.800000000000004,31.5,28.700000000000003,25.5,2.0000000000000004,25.5,39.3,53.6,37.7,18.1,43.8,18.700000000000003,9.300000000000004,23.700000000000003,29.000000000000004,24.6,26.200000000000003,42.80000000000001,42.5,49.6,34.0,56.5
2.6780122238299895,-16.099999999999994,28.9,40.400000000000006,36.8,34.9,0.0,32.5,46.0,54.4,47.3,26.700000000000003,51.6,24.6,16.8,34.1,38.3,32.5,36.3,53.10000000000001,49.4,53.39999999999999,33.8,78.1
2.6750657979893857,-12.399999999999997,46.30000000000001,39.7,41.9,45.8,1.2999999999999978,38.400000000000006,51.7,50.7,54.9,29.6,53.8,35.400000000000006,26.5,42.7,44.49999999999999,40.9,55.8,61.8,56.1,56.29999999999998,39.9,81.99999999999999
2.672125848507704,-12.2,53.5,42.29999999999999,51.8,56.0,2.500000000000001,47.2,51.89999999999999,48.4,60.9,32.2,53.9,37.1,34.3,43.5,57.7,46.8,65.3,70.5,67.1,60.6,43.99999999999999,78.7
2.6691923540554505,-7.799999999999999,50.79999999999999,47.99999999999999,58.6,54.19999999999999,4.899999999999999,40.8,49.5,44.7,60.8,26.0,48.1,43.4,31.6,40.89999999999999,61.99999999999999,50.69999999999999,70.3,72.69999999999999,75.0,66.69999999999999,43.0,76.60000000000001
2.666265293396693,-7.599999999999996,52.29999999999999,46.99999999999999,56.89999999999999,48.49999999999999,10.300000000000002,31.300000000000004,40.9,38.1,53.400000000000006,29.5,44.1,49.1,42.6,40.0,63.49999999999999,57.3,74.8,80.8,81.69999999999999,78.2,44.5,85.70000000000002
2.663344645388548,-4.799999999999995,57.99999999999999,48.89999999999999,54.99999999999999,53.5,15.400000000000002,29.8,39.0,39.50000000000001,47.3,33.9,34.900000000000006,50.8,51.8,38.6,60.400000000000006,61.9,74.89999999999999,80.9,83.80000000000001,86.69999999999999,41.8,88.30000000000001
2.6604303889806693,-5.599999999999995,59.8,48.1,56.1,57.5,15.7,21.5,37.2,30.3,39.8,31.1,20.9,53.50000000000001,53.2,39.5,65.50000000000001,57.2,72.69999999999999,76.6,93.70000000000002,95.5,47.7,89.19999999999999
2.6575225032147447,2.600000000000004,60.99999999999999,52.8,68.19999999999999,63.4,30.8,21.8,43.9,36.2,41.3,40.70000000000001,26.4,60.9,59.99999999999999,50.6,77.20000000000002,69.1,83.19999999999999,81.8,105.6,107.4,60.8,93.8
2.654620967223994,9.000000000000004,65.1,64.9,78.80000000000001,64.19999999999999,37.4,37.8,52.8,50.00000000000001,44.7,44.20000000000001,33.0,65.39999999999999,69.7,55.3,82.89999999999999,82.19999999999999,92.29999999999998,96.8,114.59999999999998,120.7,76.7,103.2
2.6517257602326674,11.800000000000004,66.0,65.6,79.1,66.5,42.7,42.39999999999999,48.49999999999999,51.7,51.7,46.2,37.8,65.6,72.10000000000001,59.30000000000001,81.89999999999999,88.4,93.7,105.5,129.9,129.8,92.4,109.5
2.6488368615555506,2.899999999999997,61.99999999999999,63.19999999999999,78.0,61.6,46.0,35.8,43.2,51.5,47.1,50.7,34.1,66.89999999999999,76.1,55.2,80.3,85.3,87.70000000000002,106.0,134.4,138.9,109.7,103.4
2.6459542505974736,9.6,60.2,69.0,79.8,56.5,55.9,36.6,35.8,53.29999999999999,48.7,55.400000000000006,36.2,72.0,72.3,57.7,84.7,87.39999999999999,81.0,115.9,142.29999999999998,146.20000000000002,116.8,104.4
2.643077906852819,17.0,62.5,74.2,78.6,62.0,65.9,38.9,43.3,54.79999999999999,53.6,60.7,43.0,75.8,74.5,63.7,81.5,95.4,83.80000000000001,123.5,149.8,157.7,132.29999999999998,115.70000000000002
2.6402078099050375,21.0,70.8,74.6,83.1,80.5,75.19999999999999,50.7,58.9,54.0,64.8,74.89999999999999,53.6,80.39999999999998,83.5,80.7,84.99999999999999,106.0,89.9,138.4,161.29999999999998,170.3,148.7,127.6
2.637343939426165,14.899999999999997,69.39999999999999,72.39999999999999,81.1,78.6,71.6,51.3,60.39999999999999,51.39999999999999,69.5,66.8,51.4,76.99999999999999,75.79999999999998,80.89999999999999,87.69999999999999,100.2,89.19999999999999,141.8,156.3,176.89999999999998,156.2,126.0
2.6344862751763407,9.500000000000002,67.3,72.9,72.6,74.6,68.29999999999998,50.400000000000006,59.79999999999999,51.3,65.80000000000001,63.8,55.00000000000001,76.3,71.39999999999999,79.49999999999999,87.5,100.09999999999998,88.6,148.3,158.9,173.0,161.5,126.4
2.631634797003332,6.799999999999999,65.4,71.89999999999999,64.99999999999999,70.6,69.5,56.5,62.2,59.7,67.8,72.50000000000001,71.39999999999999,77.9,73.5,80.99999999999999,87.0,102.89999999999998,91.4,157.0,164.1,164.89999999999998,166.1,126.9
2.6287894848420605,5.800000000000003,69.1,67.29999999999998,66.6,67.30000000000001,66.6,55.0,60.6,59.5,71.2,72.8,78.0,78.79999999999998,73.3,80.3,83.1,94.79999999999995,88.10000000000002,166.0,161.8,163.70000000000002,160.49999999999997,128.4
2.6259503187141315,3.6,80.49999999999999,69.6,67.39999999999999,75.2,69.5,51.7,62.6,58.1,77.6,74.1,81.6,80.2,73.3,88.9,85.79999999999998,92.0,93.1,170.3,164.29999999999998,159.0,159.2,128.10000000000002
2.623117278727365,-4.800000000000001,73.8,69.5,57.69999999999999,68.6,65.8,46.99999999999999,63.39999999999999,53.0,63.3,75.4,73.60000000000001,78.79999999999998,62.7,79.7,78.49999999999999,76.3,91.2,163.0,150.89999999999998,148.0,148.10000000000002,121.8
2.6202903450753334,-0.200000000000001,83.3,68.5,55.89999999999999,62.79999999999999,67.39999999999999,54.1,64.69999999999999,61.50000000000001,64.7,77.1,77.00000000000001,75.69999999999999,51.89999999999999,85.7,81.2,75.1,93.6,153.3,148.9,143.9,143.0,120.8
2.6174694980368978,4.300000000000002,85.0,70.80000000000001,62.89999999999999,63.6,68.69999999999999,54.8,68.99999999999999,71.10000000000001,71.2,82.7,84.20000000000002,65.5,62.2,91.1,81.9,79.6,100.7,154.5,148.6,146.2,152.99999999999997,125.0
2.614654717975751,11.7,92.0,77.30000000000001,68.0,65.7,70.5,64.4,78.09999999999998,78.80000000000001,78.4,92.4,88.89999999999999,73.7,70.7,101.1,84.39999999999998,83.79999999999998,106.09999999999998,161.4,150.4,150.8,153.79999999999998,129.7
2.6118459853399614,8.999999999999998,85.3,77.0,62.39999999999999,52.5,71.0,53.9,71.3,80.3,73.19999999999999,87.1,88.0,69.8,71.3,90.4,79.89999999999999,75.6,104.9,153.2,141.8,135.89999999999998,138.6,120.79999999999998
2.6090432806615187,7.9999999999999964,84.4,77.19999999999999,62.8,46.3,62.89999999999999,51.0,76.49999999999999,85.09999999999998,65.0,90.7,86.5,66.7,75.2,91.9,77.1,73.39999999999999,102.29999999999998,151.6,137.9,131.9,133.1,110.3
2.6062465845558873,12.6,85.2,77.49999999999999,73.69999999999999,45.7,63.8,57.6,81.89999999999999,78.4,69.5,96.5,88.2,72.4,73.4,95.5,76.6,69.7,110.3,146.5,134.5,132.79999999999998,125.2,104.1
2.603455877721556,6.1999999999999975,81.1,71.7,74.8,38.2,59.3,57.8,75.0,70.1,63.6,91.3,78.69999999999999,59.8,60.6,90.4,68.49999999999999,65.6,110.1,142.5,117.99999999999996,124.8,115.4,100.5
2.600671140939597,2.6,87.80000000000001,78.3,70.89999999999999,41.0,58.10000000000001,64.0,77.3,72.7,66.2,94.2,75.89999999999999,49.2,63.7,95.7,71.39999999999999,68.10000000000001,109.9,135.49999999999997,112.09999999999998,129.3,116.0,104.0
2.5978923550732227,1.8000000000000018,88.4,73.9,68.19999999999999,37.9,56.2,66.6,78.4,62.69999999999999,63.89999999999999,95.7,77.9,44.7,66.0,90.7,69.6,64.7,106.7,124.6,100.39999999999998,132.3,113.1,102.5
2.5951738138590654,-2.200000000000002,93.0,66.4,70.69999999999999,36.0,49.99999999999999,71.5,72.89999999999999,59.19999999999999,63.29999999999999,93.3,78.4,40.49999999999999,67.8,94.39999999999998,67.69999999999999,76.2,104.9,115.39999999999998,92.6,134.8,109.1,96.1
2.592406756982773,2.3999999999999995,86.7,72.90000000000002,74.79999999999998,48.3,52.6,74.7,78.1,56.2,68.19999999999999,88.50000000000001,75.10000000000001,44.99999999999999,76.00000000000001,95.0,62.99999999999999,79.6,102.7,123.0,94.4,136.5,107.8,98.6
2.5896455944698538,0.0,86.69999999999999,77.20000000000002,74.5,57.39999999999999,58.0,78.6,84.6,55.5,66.19999999999999,88.5,76.80000000000001,53.8,74.80000000000001,93.2,64.3,75.60000000000001,105.8,119.0,94.6,134.0,104.5,106.3
2.5868903075061542,-6.5,78.39999999999999,67.4,69.3,45.3,49.3,65.3,66.69999999999999,45.7,52.39999999999999,75.1,67.69999999999999,43.1,65.6,77.8,61.2,69.9,96.9,107.79999999999998,82.7,118.20000000000002,90.39999999999998,93.8
2.5841408773575076,-9.1,80.2,68.7,73.7,39.0,43.7,67.1,55.19999999999999,41.8,46.6,73.19999999999999,69.9,36.6,62.6,78.2,66.5,68.3,89.8,105.79999999999998,79.2,113.2,94.3,94.6
2.5813972853693063,-10.2,80.9,70.1,75.89999999999999,36.7,47.1,68.4,52.99999999999999,40.2,41.2,69.2,74.7,34.7,60.9,72.89999999999999,68.8,70.6,89.79999999999998,102.3,79.6,109.1,92.2,102.6
2.578659512966082,-9.099999999999998,82.1,65.8,76.3,35.3,44.29999999999999,72.8,53.0,47.3,37.0,69.99999999999999,82.60000000000001,32.1,62.89999999999999,69.7,73.9,71.4,87.39999999999999,109.0,85.7,111.8,98.8,104.3
2.5759275416510863,-1.7000000000000002,84.8,66.19999999999999,77.9,37.6,46.59999999999999,71.10000000000001,59.29999999999999,47.1,41.7,62.49999999999999,85.0,36.7,66.8,69.1,72.3,71.5,92.0,106.1,92.2,115.5,103.0,100.3
2.5732013530058726,1.6000000000000003,72.29999999999998,59.49999999999999,72.5,33.00000000000001,42.49999999999999,62.9,58.19999999999999,41.6,38.0,57.3,80.49999999999999,38.2,59.00000000000001,62.99999999999999,65.29999999999998,67.9,89.8,109.6,95.0,104.39999999999998,100.7,89.4
2.570480928689884,3.3,59.4,57.7,64.69999999999999,31.3,42.99999999999999,55.6,53.4,52.8,37.1,60.3,84.6,39.7,54.0,59.49999999999999,66.6,65.3,79.89999999999999,108.2,99.6,102.2,97.2,87.9
2.567819424311452,12.599999999999998,69.10000000000001,70.3,70.5,41.00000000000001,52.89999999999999,58.3,63.39999999999999,62.39999999999999,49.10000000000001,63.4,92.29999999999998,43.3,59.60000000000001,61.49999999999999,74.99999999999999,61.6,76.8,117.4,114.6,104.5,110.2,98.9
2.5651103618046793,6.399999999999996,65.6,60.2,66.6,30.1,41.9,54.4,52.49999999999999,63.5,43.49999999999999,57.5,94.89999999999998,33.2,53.900000000000006,55.8,73.49999999999999,58.7,74.0,104.4,108.79999999999998,95.8,108.29999999999998,89.1
2.562407009423045,2.999999999999999,56.3,48.99999999999999,57.1,23.5,23.399999999999995,52.1,40.79999999999999,53.5,35.099999999999994,47.5,82.99999999999999,21.7,41.8,39.39999999999999,60.7,48.9,64.0,92.7,101.7,87.9,102.8,70.39999999999999
2.5597093491319693,1.1999999999999993,57.7,46.3,60.7,30.800000000000004,18.4,53.7,44.4,54.0,35.099999999999994,49.6,79.79999999999998,16.599999999999998,37.0,35.39999999999999,60.8,48.1,61.7,89.9,103.70000000000002,92.0,110.1,68.5
2.557017362972739,5.299999999999999,58.8,41.7,56.6,40.7,23.2,55.6,53.4,51.900000000000006,36.5,48.89999999999999,74.99999999999999,19.0,39.50000000000001,35.7,58.3,54.7,59.8,93.4,108.9,95.20000000000002,108.9,62.49999999999999
2.554331033062107,11.099999999999996,62.99999999999999,46.2,51.79999999999999,51.99999999999999,36.6,61.0,60.4,53.60000000000001,47.3,53.5,73.6,20.000000000000004,39.3,51.8,56.9,62.6,63.99999999999999,95.5,114.60000000000002,91.1,111.2,60.7
2.5517028500874575,10.1,57.49999999999999,49.6,48.7,53.99999999999999,42.0,56.900000000000006,60.89999999999999,52.2,50.8,47.1,63.2,15.600000000000003,40.3,54.6,56.2,63.7,62.3,91.1,109.0,85.69999999999999,105.0,60.3
2.5490276692842166,8.1,55.79999999999999,49.400000000000006,46.7,58.9,48.5,58.4,60.1,51.3,52.7,51.3,62.6,15.5,48.2,55.8,60.0,61.2,53.8,89.5,106.9,87.10000000000001,106.2,59.3
2.5463580918742426,7.200000000000001,54.99999999999999,48.59999999999999,50.5,61.7,52.5,58.8,57.1,53.3,55.6,44.7,63.6,16.7,52.3,57.30000000000001,65.7,60.4,50.49999999999999,83.1,101.6,86.5,100.1,61.1
2.54369410027078,3.8,60.6,46.2,63.00000000000001,60.4,61.2,59.89999999999999,59.2,53.1,61.1,41.9,60.3,15.900000000000002,59.10000000000001,63.60000000000001,66.0,59.5,57.99999999999999,86.0,97.5,84.60000000000001,89.3,60.9
2.5410356769605933,2.4000000000000004,47.0,36.4,62.0,53.6,58.8,55.4,56.5,48.1,54.2,34.5,57.3,14.7,61.10000000000001,65.0,60.99999999999999,56.5,68.5,81.1,87.69999999999999,81.2,79.39999999999999,58.2
2.5383828045035823,-4.300000000000005,40.39999999999999,35.099999999999994,54.49999999999999,57.1,56.7,49.99999999999999,59.3,39.1,51.89999999999999,29.9,48.9,12.699999999999998,59.6,62.99999999999999,60.0,48.99999999999999,67.19999999999999,82.6,84.1,81.8,77.9,60.19999999999999
2.5357873210633946,-6.6,41.39999999999999,33.89999999999999,52.7,60.69999999999999,59.6,47.2,62.0,41.3,53.1,30.8,48.5,15.900000000000002,59.5,74.5,64.0,54.2,66.3,88.7,87.0,82.19999999999999,75.4,66.6
2.5331453902882473,0.4000000000000021,40.89999999999999,38.39999999999999,49.8,64.6,56.8,49.7,63.89999999999999,44.50000000000001,55.3,31.1,48.8,21.500000000000004,61.89999999999999,79.2,64.89999999999999,58.1,66.8,93.4,83.29999999999998,76.7,71.0,70.8
2.5305089588180074,-0.6000000000000005,38.6,40.7,44.2,59.39999999999999,48.7,49.49999999999999,62.39999999999999,46.2,53.40000000000001,31.5,46.60000000000001,25.200000000000003,59.1,76.8,57.400000000000006,53.1,65.3,86.69999999999999,72.10000000000001,70.9,65.9,73.3
2.5278780094999287,4.900000000000002,33.2,36.1,48.4,56.50000000000001,38.50000000000001,47.1,61.900000000000006,44.5,46.60000000000001,30.0,48.50000000000001,28.5,56.4,65.6,58.1,45.6,57.69999999999999,83.5,64.29999999999998,70.19999999999999,65.10000000000001,72.8
2.525252525252525,6.900000000000002,34.5,29.4,42.2,49.00000000000001,30.9,45.1,55.2,36.2,41.8,23.9,46.0,28.90000000000001,50.29999999999999,59.89999999999999,53.0,42.10000000000001,52.99999999999999,75.0,56.7,64.29999999999998,62.6,69.29999999999998
2.5226838100663223,2.9999999999999973,35.7,25.1,35.2,39.2,26.0,40.1,48.39999999999999,31.7,32.99999999999999,16.199999999999996,36.59999999999999,23.0,45.29999999999999,50.4,50.400000000000006,38.4,48.5,75.49999999999999,48.29999999999999,57.29999999999999,53.6,67.29999999999998
2.5200690986688343,0.2999999999999998,46.4,27.9,39.3,38.2,21.9,39.7,46.8,34.0,24.5,19.8,40.5,24.0,48.7,50.2,51.30000000000001,38.2,53.8,77.89999999999999,46.9,59.79999999999999,59.99999999999999,66.6
2.517459801851551,-0.9000000000000012,46.3,28.6,31.1,33.4,8.9,38.19999999999999,42.2,25.9,18.899999999999995,14.800000000000002,40.7,21.3,42.0,44.9,44.8,41.2,48.49999999999999,77.99999999999999,49.5,55.6,66.1,56.49999999999999
2.514855902812988,-7.5,34.099999999999994,21.5,22.9,23.6,-9.900000000000004,29.3,29.1,11.599999999999996,10.4,6.1999999999999975,30.1,12.299999999999995,25.9,31.599999999999994,30.7,38.50000000000001,29.599999999999994,74.19999999999999,41.5,44.7,55.89999999999999,43.8
2.512308284539174,-2.800000000000003,41.0,19.4,22.3,17.0,-6.6,25.999999999999996,33.60000000000001,10.099999999999996,9.099999999999998,9.900000000000002,33.8,16.299999999999997,21.3,28.7,25.7,44.20000000000001,23.4,74.39999999999999,37.0,48.2,50.29999999999998,38.5
2.509715025906736,-5.100000000000003,43.2,26.8,23.0,14.700000000000006,-0.2999999999999974,24.5,46.60000000000001,13.199999999999998,14.100000000000003,12.3,35.800000000000004,18.9,33.2,23.8,29.500000000000004,46.3,26.90000000000001,74.6,38.1,51.1,50.49999999999999,33.50000000000001
2.5071271153885037,-21.300000000000004,36.1,21.4,16.9,5.9,8.400000000000002,16.699999999999996,46.5,1.7999999999999972,10.9,2.5999999999999988,36.7,12.299999999999995,29.5,16.299999999999997,20.799999999999997,43.0,22.3,64.2,36.7,45.79999999999999,51.7,26.9
2.5045445364572814,-21.1,38.2,17.2,19.4,0.199999999999998,10.5,10.1,41.2,-0.6999999999999993,6.899999999999999,-1.2999999999999994,31.0,5.799999999999997,29.3,13.799999999999995,19.0,38.1,16.999999999999996,57.1,36.89999999999999,45.29999999999999,57.1,28.300000000000004
2.5020177562550443,-27.9,44.30000000000001,26.8,23.8,2.6000000000000023,16.500000000000004,11.999999999999996,39.8,2.55351295663786e-15,11.300000000000002,2.400000000000001,33.8,11.400000000000002,28.2,14.599999999999996,19.1,44.2,22.200000000000006,60.5,43.900000000000006,47.1,58.99999999999999,27.5
2.499445687448348,-27.8,47.80000000000001,38.9,31.90000000000001,5.8000000000000025,20.8,12.200000000000006,46.3,3.300000000000003,14.0,7.900000000000001,37.2,12.400000000000002,30.0,20.700000000000003,20.4,48.7,21.9,63.99999999999999,44.1,52.49999999999999,63.79999999999999,30.6
2.4968789013732833,-15.899999999999997,54.19999999999999,52.7,40.900000000000006,17.000000000000007,22.0,21.100000000000005,60.30000000000001,14.1,20.0,19.1,46.8,28.300000000000004,37.70000000000001,33.9,28.90000000000001,59.6,37.6,66.3,56.69999999999999,62.1,75.6,40.4
2.4943173817713675,-19.1,49.6,47.4,34.5,14.3,25.6,25.200000000000003,63.2,10.0,26.8,19.800000000000004,48.900000000000006,31.6,32.0,24.7,28.4,61.1,39.3,66.00000000000001,62.2,56.9,78.49999999999999,39.8
2.4918111850169806,-20.5,52.2,48.1,43.2,21.6,26.4,30.9,67.7,7.199999999999998,27.7,24.90000000000001,48.4,36.0,38.5,28.500000000000004,31.4,64.5,48.7,65.3,65.9,58.400000000000006,81.3,45.400000000000006
2.4892600473762396,-10.699999999999996,75.39999999999999,63.2,55.5,43.4,57.1,48.400000000000006,84.10000000000001,24.800000000000004,48.20000000000002,45.900000000000006,66.3,52.9,57.3,51.8,51.10000000000001,75.60000000000001,67.6,75.39999999999999,81.6,78.3,100.9,60.6
2.4867141281459944,-0.7999999999999963,83.29999999999998,79.7,64.6,62.7,75.5,57.6,87.10000000000001,36.900000000000006,61.5,57.80000000000001,75.19999999999999,62.8,69.0,60.8,62.5,82.60000000000001,87.29999999999998,81.7,96.5,86.1,118.39999999999998,73.5
2.4842231794049887,10.700000000000005,98.0,83.1,73.70000000000002,70.8,85.5,59.5,86.0,49.60000000000001,68.3,72.9,86.2,75.4,70.6,73.9,70.7,88.19999999999999,97.0,91.3,100.7,92.7,122.70000000000002,83.89999999999999
2.4816875475323217,28.300000000000004,111.09999999999998,94.8,84.80000000000001,79.3,93.8,76.4,97.7,68.2,75.6,86.5,95.4,89.80000000000001,86.79999999999998,92.0,88.89999999999999,96.3,112.0,105.79999999999998,112.4,108.8,134.2,95.0
2.479157086590559,26.3,115.1,98.1,88.80000000000001,88.69999999999999,96.6,81.89999999999999,103.5,75.0,81.39999999999999,87.80000000000001,103.9,96.3,87.8,95.9,95.7,103.6,122.3,115.5,120.7,118.8,138.10000000000002,93.4
2.4766317807781415,22.5,110.89999999999998,84.59999999999998,87.9,87.2,96.0,75.6,99.7,77.6,77.2,84.30000000000001,100.8,90.8,84.1,98.8,93.1,102.0,125.79999999999998,115.20000000000002,120.2,115.29999999999998,141.0,98.8
2.4741609800869946,15.499999999999998,103.9,70.19999999999999,77.2,83.8,92.4,60.69999999999999,97.5,75.59999999999998,74.6,84.1,96.2,90.6,85.19999999999999,92.0,93.6,105.1,130.4,114.2,125.39999999999998,114.0,140.2,98.0
2.471645837070701,5.099999999999999,95.0,58.4,66.89999999999999,79.50000000000001,89.8,44.69999999999999,88.5,68.5,66.69999999999999,79.09999999999998,94.1,79.19999999999999,77.39999999999999,91.9,81.1,103.7,126.8,109.5,121.0,112.4,129.2,91.3
2.4691358024691357,12.100000000000003,88.49999999999999,69.79999999999998,69.5,87.80000000000001,94.5,42.7,87.4,70.39999999999999,64.29999999999998,79.79999999999998,86.69999999999999,80.1,85.0,101.5,77.80000000000001,105.0,128.39999999999998,111.0,125.4,123.6,127.9,99.1
2.466679928386712,15.400000000000006,89.59999999999998,69.5,66.39999999999999,88.60000000000002,95.2,41.5,85.69999999999997,76.0,64.3,81.69999999999999,82.19999999999999,82.7,81.3,96.7,81.3,107.4,128.29999999999998,111.4,127.9,127.2,129.7,99.4
2.4641799646270943,4.299999999999997,71.19999999999999,57.900000000000006,54.0,77.1,72.89999999999999,27.2,73.89999999999999,67.3,49.49999999999999,70.99999999999999,67.0,72.1,73.1,81.4,74.89999999999999,102.29999999999998,122.5,106.1,115.0,115.6,121.7,91.5
2.4616850631303104,-3.7,60.89999999999999,47.8,53.5,69.7,55.7,20.4,69.2,63.3,45.3,64.6,59.000000000000014,71.8,73.39999999999999,80.19999999999999,78.5,98.4,118.4,110.0,109.5,107.2,112.6,90.6
2.4592439808020305,-10.8,47.19999999999999,38.49999999999999,42.49999999999999,54.2,36.1,14.599999999999996,57.1,47.49999999999999,35.400000000000006,52.8,41.5,58.8,65.1,74.7,74.5,89.2,107.6,102.7,104.9,96.2,108.7,83.39999999999999
2.456759059299031,-19.0,42.6,38.4,32.9,49.4,19.300000000000004,7.400000000000002,45.1,44.0,40.30000000000001,53.5,36.60000000000001,55.3,55.7,72.6,66.69999999999999,89.9,104.4,92.6,101.4,90.8,98.5,80.6
2.454327731924074,-18.8,39.39999999999999,44.7,33.49999999999999,48.9,18.700000000000003,9.7,52.2,46.6,45.5,60.00000000000001,45.50000000000001,62.1,63.5,80.49999999999999,79.19999999999999,95.20000000000002,118.4,96.3,103.2,94.4,98.9,91.0
2.4518527306521136,-15.9,48.7,54.2,35.800000000000004,48.9,15.600000000000003,14.7,54.6,52.3,51.00000000000001,74.1,54.70000000000001,63.1,80.5,86.9,90.7,108.1,125.6,104.5,111.3,110.3,99.4,100.0
2.449382716049383,-14.4,51.29999999999999,64.80000000000001,43.900000000000006,58.0,21.30000000000001,26.7,48.8,49.2,59.2,78.2,65.4,66.3,86.6,99.9,101.6,110.0,134.1,115.9,113.9,114.70000000000002,100.9,107.6
2.4469659595461275,-16.0,54.3,73.0,56.00000000000001,64.6,27.700000000000006,40.39999999999999,55.3,57.2,72.9,92.7,73.39999999999999,77.0,93.1,105.5,119.7,122.9,145.5,129.89999999999998,127.9,125.1,112.6,120.20000000000002
2.444505776130584,-24.0,61.0,65.8,54.49999999999999,58.3,22.3,39.4,51.2,68.10000000000001,74.2,96.6,81.6,78.49999999999999,95.89999999999998,109.2,130.2,137.5,152.7,133.4,127.5,123.4,118.0,119.1
2.4420505346909036,-31.4,58.5,66.8,50.1,49.79999999999999,23.7,33.8,50.20000000000001,69.5,71.0,88.4,83.4,82.19999999999999,101.19999999999996,118.6,135.9,141.5,155.6,136.0,129.4,125.6,116.7,119.5
2.439648218466563,-22.499999999999996,64.89999999999999,72.89999999999999,55.89999999999999,47.7,32.8,38.900000000000006,60.500000000000014,73.5,75.39999999999999,95.79999999999998,92.2,96.9,106.2,133.29999999999998,147.9,162.3,168.5,141.0,144.2,136.5,118.29999999999998,126.7
2.4372027202327136,-21.3,65.2,70.6,50.89999999999999,47.6,40.7,43.7,62.60000000000001,77.8,75.5,102.90000000000002,95.5,100.7,108.79999999999998,147.89999999999998,161.20000000000002,182.4,180.0,146.1,151.09999999999997,146.29999999999998,128.1,128.4
2.434809927741125,-21.999999999999996,60.2,73.39999999999999,58.1,62.4,57.0,61.80000000000001,66.2,94.1,90.3,112.50000000000004,107.89999999999998,122.7,126.89999999999998,162.2,182.7,209.9,213.1,159.8,163.70000000000002,166.89999999999998,147.0,143.40000000000003
2.4323741148315974,-25.1,56.6,69.5,63.2,61.9,62.9,65.0,72.30000000000001,90.8,85.89999999999999,107.8,112.49999999999996,128.6,134.79999999999998,168.1,197.5,224.5,231.4,177.39999999999998,172.20000000000002,174.5,153.5,143.39999999999998
2.429943170683911,-30.8,50.2,60.39999999999999,52.2,59.4,60.99999999999999,61.5,62.9,84.99999999999999,77.8,104.5,106.2,127.5,130.7,171.1,207.0,235.7,240.6,177.4,174.5,172.1,153.1,136.0
2.427564604541895,-24.7,50.30000000000001,57.69999999999999,57.6,64.4,68.0,63.49999999999999,61.9,87.49999999999999,87.39999999999999,106.7,110.4,143.6,137.1,183.5,226.4,259.6,263.5,184.6,181.4,175.4,159.89999999999998,135.70000000000002
2.4251432594707714,-27.1,52.900000000000006,50.99999999999999,55.3,57.3,65.69999999999999,62.1,67.2,100.09999999999998,90.4,110.9,116.0,156.39999999999998,147.6,198.2,250.7,293.4,293.90000000000003,197.3,196.5,184.6,175.2,139.6
2.4227740763173835,-17.799999999999997,56.0,53.1,57.3,59.0,72.1,67.7,68.5,107.79999999999998,104.1,118.8,131.5,168.4,172.39999999999998,218.6,280.5,330.2,330.0,210.2,207.8,193.1,185.3,147.39999999999998
2.4203622735790127,-7.4999999999999964,58.3,57.1,62.89999999999999,68.89999999999999,81.8,83.60000000000001,81.10000000000002,112.0,124.20000000000002,138.0,144.89999999999998,185.3,194.9,249.1,322.79999999999995,374.0,375.0,235.4,228.1,211.80000000000004,203.3,158.49999999999997
2.4180024180024176,-4.500000000000004,56.3,59.8,62.49999999999999,81.1,88.69999999999999,92.2,86.5,124.5,144.70000000000002,158.5,163.2,201.8,218.1,286.9,373.7000000000001,435.0,435.6,261.4,248.1,231.70000000000005,219.4,177.79999999999995
2.415600101299359,-6.800000000000001,68.2,62.6,69.80000000000001,97.9,106.5,105.5,96.8,145.20000000000002,166.89999999999998,179.10000000000002,186.5,230.5,257.0,322.00000000000006,429.7,501.8,511.4,301.6,279.5,257.1,239.40000000000003,196.7
2.4132025533239916,-0.9999999999999984,79.8,67.6,84.1,110.6,120.7,123.29999999999998,113.3,162.3,183.90000000000003,202.40000000000003,226.0,263.0,299.3,367.9000000000001,497.4,592.7,590.6999999999999,342.79999999999995,315.6,284.5,251.50000000000003,215.6
2.4108566317999767,5.900000000000002,91.8,79.5,97.3,121.0,122.7,133.7,139.70000000000002,175.79999999999998,201.00000000000003,225.1,266.30000000000007,289.1,342.6,433.50000000000006,577.0,706.3,674.6999999999999,381.7,348.5,305.8,262.6,222.3
2.4084684859667864,21.500000000000004,102.6,91.2,113.3,147.29999999999998,141.29999999999998,155.1,167.6,214.7,235.40000000000003,269.40000000000003,311.6,338.9,403.6,521.3,688.0999999999999,850.4,785.8999999999999,432.5,395.9,336.7,288.2,245.7
2.406131755117881,44.2,130.7,116.1,144.20000000000002,176.7,169.8,194.9,215.7,263.1,290.6,319.0,368.8,403.2000000000001,490.0,625.5,824.3999999999999,1021.6,917.4,512.5999999999999,454.5,382.2,320.70000000000005,281.9
2.403752956228434,59.60000000000001,146.9,144.5,164.00000000000003,210.8,206.4,243.2,275.1,318.4,347.5,375.3,438.1000000000001,473.4,589.0,745.8,988.6,1207.7,1067.5,595.5,520.5,431.2000000000001,352.90000000000003,307.2
2.401425362150438,78.2,163.0,172.7,191.8,251.8,247.2,297.40000000000003,331.70000000000005,384.3,414.0,445.4,521.1,556.7,705.3000000000001,883.1,1163.3,1418.3,1246.6,680.4,592.4,484.2000000000001,378.9,326.9
2.3990558554375374,101.0,196.4,201.2,233.1,296.6,298.3,362.6,407.3,460.7,489.5,533.4000000000001,616.7,659.1,832.2,1052.0000000000002,1374.5,1659.7,1459.7,781.3000000000001,671.1,533.9,415.5,352.49999999999994
2.3967373446469646,140.0,240.4,250.8,292.0,364.4,372.5,448.9,516.2,573.1,598.8,647.1000000000001,740.4000000000001,792.6,989.4,1252.7000000000005,1625.8,1946.8,1705.5,900.8,749.2,594.3000000000001,452.6,387.0
2.3943770757704486,201.0,304.4,321.5,374.1000000000001,454.1,489.9,578.3000000000001,669.3,727.0,751.8,803.0,904.4,970.6,1196.0,1492.2000000000005,1921.2,2278.6000000000004,1983.8,1053.7,844.5,664.0,512.0999999999999,425.6
2.392067595200432,281.5,383.4,416.4,484.00000000000006,570.6,644.9999999999999,732.7,850.4000000000001,910.7,943.5,998.0,1104.9,1170.7,1418.9,1767.8000000000002,2250.8,2637.1,2283.6,1212.6999999999998,952.0,738.5,572.5999999999999,464.7
2.389716510243019,388.2,497.2000000000001,557.0,633.7,741.5,836.4,941.2,1081.6,1150.5,1178.8,1235.5,1336.2,1417.5,1685.4,2088.9,2626.7,3028.9,2643.4,1381.1,1079.0,826.5,632.4,507.2000000000001
2.3874160072392616,554.5,661.3,739.8000000000001,838.3,981.3,1117.4,1214.2,1370.9,1455.2,1474.6,1523.2,1619.8000000000002,1702.8,1991.4,2454.7,3038.9,3453.0999999999995,3016.4,1580.8,1225.8,916.9,702.0,559.5
2.3850740527024428,798.0,902.3000000000002,994.0,1125.7,1309.1,1474.0,1579.1,1736.8000000000002,1820.0,1834.7,1861.6,1954.3,2020.8,2343.3,2856.7,3493.6,3912.6,3421.4,1801.7,1368.4,1029.8,776.0999999999999,608.2
2.382782475019216,1150.0,1242.6,1360.3000000000002,1527.7,1753.1,1931.9,2043.2,2211.0,2277.8,2272.6,2279.1000000000004,2344.8,2404.6,2737.1,3314.0,3998.5,4412.799999999999,3850.1,2040.4,1533.3,1159.6,861.0,666.5
2.3804495978192013,1636.1,1727.4,1862.3,2044.1,2318.2,2508.7,2608.9000000000005,2777.3,2808.3,2785.5,2750.7,2779.2,2831.6000000000004,3166.5,3797.400000000001,4528.1,4930.5,4287.000000000001,2274.5,1708.1,1277.4,944.7,729.7
2.378166893615389,2280.0,2366.0000000000005,2525.2000000000003,2718.6000000000004,3020.4,3198.4,3284.9,3439.4,3431.4,3361.7000000000003,3274.4000000000005,3251.6000000000004,3288.6000000000004,3620.5,4294.1,5060.099999999999,5466.799999999999,4716.1,2517.9,1876.9,1383.9,1018.6,792.4
2.3758430410790927,3144.4000000000005,3205.0,3384.9,3576.3,3889.7,4032.4,4098.1,4205.0,4140.099999999999,3998.4,3843.7,3757.900000000001,3776.000000000001,4100.5,4802.5,5580.099999999999,5989.3,5136.700000000001,2759.1,2052.5,1505.4999999999998,1099.6,848.6999999999998
2.3735691589142838,4259.6,4306.0,4482.799999999999,4647.8,4909.0,5009.0,5011.0,5041.0,4904.0,4678.7,4430.6,4291.8,4276.400000000001,4563.6,5306.799999999999,6084.0,6476.8,5533.300000000001,2985.5,2226.6000000000004,1629.9,1184.4,911.0
2.3712542787753623,5640.700000000001,5676.8,5803.599999999999,5908.7,6068.200000000001,6075.7,5994.4,5910.2,5679.599999999999,5345.9,5005.900000000001,4802.5,4743.8,4983.6,5766.700000000001,6537.1,6903.3,5888.0,3178.8,2379.6,1742.4,1261.1,961.2
2.3689891676059838,7304.1,7290.3,7336.9,7293.4,7319.2,7199.099999999999,6999.4,6768.5,6433.199999999999,5975.3,5526.6,5266.8,5161.800000000001,5377.3,6171.099999999999,6939.8,7282.9,6178.099999999999,3351.4999999999995,2506.7,1838.1,1319.8,1003.3
2.366728379745386,9174.6,9082.7,8968.099999999999,8720.199999999999,8554.699999999999,8283.2,7931.0999999999985,7537.9,7065.3,6509.9,5966.4,5640.0,5496.800000000001,5679.3,6478.700000000001,7237.3,7551.5999999999985,6362.899999999999,3480.7,2604.0999999999995,1897.9000000000003,1368.0,1038.4
2.3644268171764167,11070.600000000002,10942.7,10573.999999999998,10080.399999999998,9661.1,9214.5,8725.2,8189.199999999999,7555.8,6941.5,6311.7,5924.6,5752.7,5895.900000000001,6687.5,7421.5,7717.499999999998,6481.999999999998,3554.7,2662.7000000000003,1947.4,1391.0,1071.0
2.362174724730445,12818.9,12661.8,11999.899999999998,11232.0,10543.6,9940.4,9296.3,8657.8,7893.299999999998,7222.8,6524.5,6097.800000000001,5912.200000000001,6019.7,6788.4,7504.1,7770.5999999999985,6518.0,3572.5,2699.0,1969.1,1398.4,1095.5
2.359882005899705,14241.2,14055.7,13103.0,12053.5,11134.899999999998,10405.8,9623.2,8873.0,8044.199999999999,7316.9,6578.2,6149.099999999999,5933.300000000001,6026.700000000001,6760.2,7441.1,7709.5999999999985,6457.0,3530.9,2691.2000000000003,1957.8,1400.4,1096.3
2.3576385587983646,15263.0,15027.7,13800.3,12546.4,11415.6,10558.1,9687.999999999998,8858.0,8005.0999999999985,7239.499999999999,6483.9,6060.8,5834.799999999999,5910.5,6622.0,7257.3,7517.199999999999,6303.9,3456.9,2632.1,1930.7000000000005,1380.6999999999998,1081.9
2.355354632830604,15806.5,15553.8,14071.9,12678.5,11382.3,10450.3,9506.3,8637.099999999999,7755.5999999999985,7013.2,6265.499999999999,5863.900000000001,5641.299999999999,5697.200000000001,6392.7,6992.199999999999,7232.299999999999,6074.3,3340.5,2549.7,1897.6,1354.6,1057.9
2.3531197813875813,15843.799999999996,15576.799999999996,13922.3,12413.100000000002,11007.999999999996,10053.1,9056.499999999998,8187.099999999999,7322.900000000001,6633.099999999999,5911.499999999999,5553.599999999999,5347.4,5383.800000000001,6069.5,6643.299999999999,6862.4,5771.1,3179.6,2442.3,1825.8,1309.2,1032.0
2.350889166951048,15378.399999999998,15109.999999999998,13338.2,11767.999999999998,10323.699999999995,9373.1,8388.4,7554.099999999999,6730.4,6114.799999999999,5455.799999999999,5153.899999999999,4956.799999999999,5008.700000000001,5653.299999999999,6216.199999999999,6420.1,5406.5,2991.9999999999995,2312.7,1726.6999999999998,1242.9,982.3
2.348618292706025,14454.2,14188.3,12377.8,10796.1,9383.399999999998,8482.999999999998,7544.199999999999,6767.9,6027.099999999999,5511.7,4933.2,4688.7,4510.999999999999,4598.4,5196.199999999999,5721.599999999999,5928.2,4992.999999999999,2778.1,2167.6,1628.1,1162.4,934.6
2.3463962003519594,13085.1,12869.2,11064.399999999998,9552.2,8226.6,7398.799999999998,6578.899999999999,5896.0,5249.3,4847.999999999999,4357.8,4163.9,4030.4,4140.299999999999,4701.0,5183.999999999999,5389.200000000001,4561.299999999999,2540.7,2000.7,1515.8000000000002,1076.5,874.9
2.34413399372377,11386.4,11244.5,9518.6,8154.399999999999,6964.8,6258.799999999998,5564.700000000001,5014.1,4485.9,4193.8,3777.6,3655.3,3539.6,3682.1,4197.8,4644.2,4860.2,4134.9,2311.4,1820.4,1404.6,1000.5,820.4
2.34192037470726,9537.7,9436.0,7888.5,6717.899999999999,5721.8,5154.999999999999,4577.200000000001,4152.799999999999,3759.8,3535.9999999999995,3208.3,3149.7,3056.9,3232.0,3707.8,4134.599999999999,4343.0,3704.2,2083.5,1648.4,1285.0000000000002,920.1,763.0999999999999
2.3397109324880185,7696.799999999999,7639.5,6322.1,5365.8,4574.0,4135.4,3691.2999999999993,3358.0,3086.7,2933.8,2685.5999999999995,2669.4000000000005,2616.6,2800.3,3236.3,3626.7,3839.1,3279.4,1859.6,1473.6,1163.1,838.6999999999999,698.5999999999999
2.3374615921129522,6033.7,6016.699999999999,4930.0,4197.099999999999,3578.100000000001,3248.7000000000003,2920.5999999999995,2677.9,2483.8,2411.9,2222.2999999999997,2236.7,2217.4,2404.9,2807.5999999999995,3158.6,3368.5,2884.9,1653.2999999999995,1312.9,1043.9,747.3,637.4999999999999
2.335260551046159,4608.5,4642.2,3776.9,3220.6000000000004,2743.3,2527.3,2288.1,2113.1,1977.3,1960.1,1831.3,1866.2,1868.3,2056.6,2422.9999999999995,2741.7,2956.7000000000003,2529.7,1458.1,1172.6,937.5,674.5999999999999,585.2
2.3330197554092194,3483.4,3529.4999999999995,2875.9,2431.5,2071.1,1941.1,1778.2999999999995,1644.4,1569.6999999999998,1568.4999999999998,1493.5,1539.5,1552.6,1748.1999999999996,2067.4999999999995,2366.2999999999997,2559.2000000000003,2204.9,1274.1999999999998,1047.0,834.8,612.3000000000001,549.9
2.330827067669173,2611.7,2690.4,2179.3,1827.2,1554.3,1470.9,1371.4999999999998,1275.1999999999998,1236.6,1251.1999999999998,1209.5000000000002,1263.6,1279.7000000000005,1479.9999999999998,1753.6999999999998,2022.8,2198.4,1905.0,1114.9,925.9999999999998,749.6999999999999,557.4999999999999,508.9
2.328638497652582,1954.4,2063.1000000000004,1645.4,1360.4,1170.5999999999997,1107.1,1046.2,976.2999999999998,961.5,984.6999999999998,964.1,1012.7,1051.4,1249.0,1483.4999999999998,1708.5,1883.9,1636.3000000000002,961.4,813.3999999999999,670.1999999999999,501.19999999999993,469.5
2.3264103862966925,1469.9,1594.4,1235.4000000000003,1008.5,878.9,820.4000000000001,790.8000000000001,748.1999999999999,739.4000000000001,766.9999999999999,756.6,806.9999999999999,855.1999999999999,1041.6,1233.3,1444.9,1604.0,1400.5000000000002,825.7,707.1999999999999,585.0,445.7,433.0
2.324230098779779,1113.1,1246.6,936.0999999999998,763.9000000000001,662.4000000000001,619.5000000000001,593.9,570.4999999999999,571.8000000000001,597.1,604.1999999999999,656.8,700.6,861.5,1030.6,1221.8000000000002,1365.2,1197.6,717.5,620.0000000000001,514.8000000000001,405.7,399.5
2.322053894121833,847.3999999999999,982.8,727.4999999999998,591.0,515.9,478.6,458.0,442.2,455.69999999999993,468.8,485.6,540.0,591.0999999999999,726.5,863.7000000000002,1037.2,1167.1999999999998,1021.1,625.1,547.6,461.69999999999993,361.6,359.49999999999994
2.319838359649779,648.0,786.6,573.8999999999999,460.0,409.3,374.5,367.7,348.2,375.5999999999999,376.9,401.2,450.4,512.9999999999999,616.4999999999999,722.9999999999999,877.8,989.1,873.7,552.8000000000001,495.5,422.5999999999999,336.3,328.2
2.3176703674628985,508.2,637.6999999999999,462.8,368.8,336.0,305.3,300.3,288.2,318.3999999999999,318.40000000000003,342.4,379.8,439.1,524.3000000000001,616.6999999999999,756.5,844.8,752.1,499.1,452.3999999999999,391.69999999999993,320.80000000000007,312.70000000000005
2.3155064236629816,399.0,524.5999999999999,376.7000000000001,302.1,279.5,257.1,262.0,245.3,282.4,276.7,299.19999999999993,323.49999999999994,383.4,453.2,523.5999999999999,654.3,724.2,651.5,446.6,405.8,367.5,305.5,290.7
2.3133033598865738,310.9,435.19999999999993,309.7,247.9,237.6,212.9,215.2,205.1,236.9,231.5,250.0,269.7,326.7,382.6,435.0999999999999,550.1999999999999,609.7,565.1,395.2,357.4,335.69999999999993,280.0,264.8
2.311147559316348,248.3,374.6,256.4,203.6,206.5,179.6,180.0,176.9,198.1,201.8,209.7,231.5,283.49999999999994,328.1,376.69999999999993,471.69999999999993,521.1999999999999,484.3,351.1,317.69999999999993,311.4,258.2,236.8
2.3089957730480606,196.9,324.1,215.7,174.9,184.0,162.3,150.29999999999998,150.0,168.9,176.79999999999998,177.20000000000002,200.7,245.8,289.79999999999995,320.40000000000003,404.6,455.8999999999999,421.9,315.0,279.0,288.6,233.6,210.3
2.306805074971165,157.79999999999998,272.6,186.6,155.8,160.39999999999998,147.2,130.5,131.29999999999998,147.2,155.09999999999997,159.9,179.1,215.3,253.1,278.6,353.2,394.5,370.3,286.1,246.1,263.7,218.2,187.20000000000005
2.3046613634674005,127.49999999999996,232.1,164.4,140.79999999999998,136.39999999999998,132.29999999999998,116.8,120.8,133.2,142.29999999999998,147.8,161.99999999999997,198.3,226.3,254.6,317.8,351.7999999999999,335.3,263.40000000000003,228.2,243.4,206.7,170.4
2.3025216325621125,106.2,197.1,142.6,126.9,121.29999999999998,113.6,102.3,110.6,121.3,131.99999999999997,128.59999999999997,145.6,178.6,202.29999999999995,229.5,281.4,306.9,295.6,230.49999999999997,207.8,221.6,196.4,163.9
2.3003858711783916,88.5,174.99999999999997,128.0,107.89999999999996,105.2,100.6,90.7,101.9,107.9,120.49999999999996,115.6,133.3,158.0,181.8,209.20000000000005,248.9,268.29999999999995,265.7,205.4,198.4,208.1,193.4,161.9
2.2982114725233993,69.7,152.10000000000002,115.8,95.69999999999996,90.9,91.3,81.8,88.8,90.3,108.7,102.1,120.5,136.8,162.8,186.8,222.4,244.4,242.8,181.2,179.00000000000003,194.4,185.4,149.9
2.2960836959540787,46.9,126.7,104.7,86.19999999999999,72.8,82.89999999999999,80.10000000000001,73.8,76.6,86.49999999999999,82.8,115.9,121.1,144.4,162.0,196.89999999999995,219.39999999999995,215.6,154.1,161.3,177.00000000000003,175.99999999999997,141.60000000000002
2.2939598557025254,32.7,110.6,99.6,73.8,66.0,70.6,64.7,64.6,66.60000000000001,71.8,70.69999999999999,104.5,103.9,124.7,146.29999999999998,179.39999999999998,189.9,193.9,137.49999999999997,152.39999999999998,156.4,157.7,135.7
2.2917975825231953,25.800000000000004,95.5,95.0,68.6,63.0,72.0,68.3,61.39999999999999,66.0,77.19999999999999,72.6,108.2,97.4,115.9,142.00000000000003,169.20000000000002,172.0,179.9,133.79999999999998,152.0,143.8,153.5,131.8
2.2896816603885073,14.7,90.0,96.29999999999998,70.10000000000001,61.4,72.80000000000001,70.2,59.39999999999999,73.9,80.0,74.2,107.4,102.2,111.9,142.2,150.1,163.39999999999998,172.2,136.5,148.1,139.1,152.6,135.29999999999998
2.287569641737077,11.6,82.1,92.1,64.3,52.6,63.1,68.89999999999999,59.4,72.7,77.6,72.0,103.8,100.7,102.5,135.89999999999998,146.6,148.10000000000002,158.3,132.0,137.99999999999997,130.8,140.39999999999998,131.1
2.2854615157770573,11.2,78.99999999999999,89.1,56.2,47.39999999999999,60.0,68.89999999999999,56.2,66.19999999999999,75.0,66.6,103.40000000000002,92.9,99.1,118.9,131.10000000000002,132.6,146.1,122.8,133.6,123.0,123.09999999999998,126.1
2.28331522639807,10.699999999999998,69.89999999999999,86.99999999999999,45.9,43.5,57.99999999999999,59.59999999999999,52.5,53.19999999999999,68.1,51.69999999999999,90.2,82.0,82.79999999999998,99.3,111.9,115.09999999999998,125.4,110.0,122.1,115.8,110.59999999999998,111.6
2.2812149309196608,17.8,69.9,94.5,49.3,53.1,68.1,63.79999999999998,60.3,55.2,70.7,55.3,89.0,81.49999999999999,89.19999999999999,99.2,113.2,119.6,126.9,120.4,124.9,118.70000000000002,107.7,108.1
2.2791184957817925,17.799999999999997,69.10000000000001,90.79999999999998,54.4,61.6,71.6,68.49999999999999,60.3,56.2,72.5,56.1,81.39999999999999,84.39999999999999,92.3,97.4,116.7,114.6,119.70000000000002,126.4,122.4,119.3,96.4,102.8
2.277025910351286,13.099999999999996,70.3,87.89999999999998,60.400000000000006,63.5,71.1,66.89999999999999,68.8,63.3,74.6,60.3,72.7,80.49999999999999,91.6,93.3,111.8,111.9,115.20000000000002,120.2,116.49999999999996,116.2,86.19999999999999,95.8
2.274937164033977,15.099999999999996,75.39999999999999,79.39999999999999,64.2,72.6,71.79999999999998,58.49999999999999,75.5,65.8,86.6,65.6,65.49999999999999,74.60000000000001,90.7,97.1,107.4,109.3,116.50000000000004,118.2,116.29999999999998,115.3,83.6,89.2
2.2728105868983466,10.099999999999996,70.5,64.0,64.3,69.99999999999999,66.1,47.6,78.0,51.49999999999999,83.30000000000001,55.79999999999999,63.49999999999999,70.0,78.1,88.30000000000001,104.5,100.2,108.8,107.5,106.6,108.7,85.0,79.6
2.270729563433929,1.7000000000000006,66.3,55.5,64.2,64.8,51.79999999999999,43.49999999999999,79.0,44.5,76.7,50.9,52.6,66.9,76.7,78.5,105.3,96.5,98.2,93.6,95.6,108.4,72.3,76.7
2.268652347323356,2.1999999999999997,55.7,48.1,59.5,65.50000000000001,46.1,46.6,78.49999999999999,36.1,72.89999999999999,44.7,47.400000000000006,56.1,61.8,69.19999999999999,108.8,90.7,95.5,80.5,83.5,100.0,62.5,65.5
2.266578928127513,1.5000000000000018,57.0,50.5,61.7,70.7,52.1,50.9,73.89999999999999,35.0,69.89999999999999,41.1,49.0,55.5,60.4,63.400000000000006,104.1,89.8,94.4,76.9,79.39999999999999,97.2,64.0,62.7
2.2644679413429754,5.1000000000000005,55.8,51.8,69.5,71.5,62.900000000000006,51.7,72.9,41.6,73.1,48.1,47.0,65.2,61.0,64.3,115.7,95.2,94.79999999999998,82.00000000000001,85.19999999999999,100.3,71.9,68.2
2.2624021602291595,9.9,65.1,51.900000000000006,76.2,81.4,74.7,59.400000000000006,80.30000000000001,56.99999999999999,81.69999999999999,61.4,63.1,69.6,72.4,77.0,130.6,103.4,107.59999999999998,93.0,96.5,108.3,77.1,81.4
2.260340144734683,5.8,67.8,49.5,80.60000000000001,84.2,80.19999999999999,66.9,84.00000000000001,63.3,82.3,61.2,72.8,69.49999999999999,73.0,77.3,130.39999999999998,101.29999999999998,109.6,90.6,95.9,109.8,73.69999999999999,81.3
2.2582818845726567,5.099999999999999,70.0,46.2,75.5,78.6,77.10000000000001,62.79999999999999,86.19999999999999,60.7,84.60000000000001,64.39999999999999,75.39999999999999,68.8,68.6,75.7,125.39999999999998,103.1,108.1,84.39999999999999,87.49999999999999,99.2,79.0,83.0
2.2562273694936223,6.199999999999998,68.5,45.1,62.2,73.99999999999999,65.69999999999999,56.1,79.3,52.5,81.89999999999999,58.6,70.4,66.19999999999999,64.8,73.5,124.89999999999998,91.39999999999998,101.0,85.4,79.39999999999999,91.5,77.0,80.49999999999999
2.2541765892853896,7.100000000000001,69.19999999999999,44.99999999999999,57.9,60.8,53.99999999999999,56.9,75.0,46.2,68.89999999999999,57.1,74.0,63.3,59.89999999999999,70.89999999999999,121.7,86.49999999999999,93.3,83.60000000000001,75.30000000000001,80.4,65.6,72.99999999999999
2.2520886305848165,21.9,82.39999999999999,64.10000000000001,70.3,75.0,69.00000000000001,75.39999999999999,74.60000000000001,56.0,72.8,72.8,80.19999999999999,77.2,75.10000000000001,78.5,122.0,93.4,100.9,92.0,85.80000000000001,88.10000000000001,70.8,84.39999999999999
2.2500453638178186,26.5,85.69999999999999,76.19999999999999,66.3,75.8,80.5,73.4,74.0,63.0,64.20000000000002,78.0,81.4,80.2,78.79999999999998,79.8,117.4,98.4,104.09999999999998,91.6,91.10000000000002,89.9,75.7,84.6
2.2480058013052937,16.4,92.5,75.6,62.7,74.4,80.5,62.50000000000001,67.8,66.5,59.6,75.99999999999999,77.7,83.49999999999999,85.99999999999999,68.89999999999999,107.7,95.79999999999998,95.2,87.99999999999999,96.7,86.3,72.6,83.7
2.2459699329831553,11.3,91.6,69.1,58.900000000000006,66.2,75.5,57.3,65.29999999999998,62.89999999999999,47.79999999999999,80.0,70.0,79.79999999999998,78.0,62.89999999999999,98.8,91.7,90.19999999999996,84.09999999999998,96.2,83.3,71.89999999999999,83.5
2.2439377488237424,8.399999999999999,94.5,62.79999999999999,55.0,61.5,67.0,61.7,60.6,58.2,43.79999999999999,72.9,67.3,68.1,74.2,64.3,89.6,82.4,83.99999999999999,79.59999999999998,86.19999999999999,79.60000000000001,66.3,77.3
2.2419092388356536,2.6,93.9,59.79999999999999,54.4,55.1,60.400000000000006,62.8,54.400000000000006,55.1,40.29999999999999,64.29999999999998,61.59999999999999,64.5,68.19999999999999,52.1,76.7,76.5,72.1,71.5,79.7,71.6,67.69999999999999,67.8
2.239884393063584,-1.3000000000000018,87.1,45.99999999999999,40.49999999999999,43.49999999999999,43.0,48.6,34.5,42.4,34.3,60.0,45.8,56.8,58.29999999999998,34.89999999999999,69.4,67.1,58.5,56.2,71.69999999999999,64.69999999999999,57.79999999999999,55.39999999999999
2.2378228149645376,-0.4000000000000012,83.9,47.1,39.9,47.9,44.7,48.5,32.800000000000004,45.6,36.7,60.1,38.9,61.1,56.2,34.8,71.30000000000001,61.2,58.4,56.9,79.3,71.7,52.29999999999999,47.6
2.235805340689854,5.400000000000003,83.5,41.7,53.70000000000001,54.0,61.3,58.8,37.1,57.1,43.00000000000001,65.0,55.7,66.19999999999999,64.89999999999999,43.7,76.7,73.5,68.7,60.7,89.0,81.69999999999999,61.29999999999999,56.9
2.2337915007836284,0.0999999999999983,83.7,47.79999999999999,50.3,55.39999999999999,74.5,62.2,40.3,63.4,49.00000000000001,63.6,56.19999999999999,70.69999999999999,72.99999999999999,45.4,73.6,79.39999999999999,72.6,61.7,90.4,88.80000000000001,68.6,61.29999999999999
2.2317812854340273,-13.900000000000002,72.99999999999999,41.7,46.5,39.4,67.0,59.7,38.2,67.2,51.5,57.00000000000001,57.4,62.4,69.4,44.8,64.5,74.5,66.8,58.50000000000001,78.39999999999999,84.8,62.1,50.7
2.229774684864505,-14.0,74.1,37.0,49.9,45.1,57.19999999999999,68.0,34.2,72.1,57.6,55.400000000000006,64.7,59.6,69.5,47.7,64.0,69.5,63.7,61.4,72.10000000000001,78.89999999999999,67.1,47.8
2.2277716893336446,-8.2,71.39999999999999,37.1,52.39999999999999,44.8,61.8,76.7,36.3,66.2,61.79999999999999,67.70000000000002,74.0,61.99999999999999,71.89999999999999,55.7,70.39999999999999,70.0,65.19999999999999,69.2,71.4,81.49999999999999,71.8,53.8
2.225772289135,-11.000000000000004,67.6,34.7,45.8,47.49999999999999,62.00000000000001,76.7,41.2,68.3,71.39999999999999,70.4,78.19999999999999,64.6,75.2,65.4,71.7,61.49999999999999,64.69999999999999,62.39999999999999,68.9,77.19999999999999,68.6,47.8
2.2237764745969404,-6.399999999999998,67.0,38.9,44.3,52.3,63.5,77.2,48.4,77.39999999999999,68.5,76.0,83.39999999999999,68.0,75.7,69.69999999999999,69.7,65.5,72.3,63.19999999999999,72.0,79.19999999999999,77.89999999999999,51.7
2.2217842360824926,1.5000000000000036,73.60000000000001,52.50000000000001,51.2,55.7,68.60000000000001,83.4,52.8,82.69999999999999,73.2,89.1,83.9,74.6,82.5,83.80000000000001,80.10000000000002,74.9,81.2,69.0,75.5,87.19999999999999,88.69999999999999,63.5
2.2197558268590454,10.9,82.5,73.2,60.49999999999999,61.7,84.7,95.7,62.49999999999999,89.89999999999999,76.99999999999999,95.7,88.4,83.99999999999999,88.49999999999999,102.4,88.30000000000001,81.6,90.1,77.6,81.0,86.19999999999999,102.5,80.89999999999999
2.217770782658463,17.200000000000003,81.8,80.8,72.4,62.400000000000006,90.8,103.0,68.0,91.5,73.7,97.7,93.9,80.19999999999999,90.0,114.10000000000002,90.5,95.9,93.3,79.99999999999999,80.3,85.10000000000001,108.3,88.79999999999998
2.215789285586648,14.4,74.49999999999999,86.99999999999999,59.19999999999999,57.3,81.5,94.6,68.0,79.69999999999999,69.89999999999999,96.79999999999998,82.7,75.89999999999999,83.6,104.6,84.69999999999999,92.6,80.60000000000001,74.69999999999999,71.1,75.5,95.6,80.4
2.2138113261443975,18.5,71.39999999999999,84.8,58.1,68.0,76.6,91.4,70.0,76.8,71.0,103.2,81.8,71.79999999999998,78.30000000000001,109.4,90.5,85.59999999999998,85.40000000000002,75.1,68.7,66.49999999999999,95.7,76.60000000000001
2.211836894866398,20.3,71.59999999999998,81.0,57.1,70.0,79.9,87.8,72.5,75.7,62.1,105.29999999999998,71.79999999999998,70.1,78.5,105.9,89.89999999999999,86.0,84.90000000000002,74.89999999999999,71.60000000000001,60.79999999999998,99.9,79.50000000000001
2.2098659823210722,13.699999999999998,69.8,66.29999999999998,51.3,61.49999999999999,82.3,77.49999999999999,70.5,66.1,52.8,98.5,59.9,69.5,74.7,95.59999999999998,79.49999999999999,80.3,82.19999999999999,76.5,67.49999999999999,53.09999999999999,91.20000000000002,74.5
2.2078985791104304,3.7999999999999976,62.7,54.49999999999999,44.49999999999999,52.6,69.29999999999998,61.4,60.49999999999999,61.0,44.2,78.29999999999997,44.39999999999999,59.3,61.1,78.8,61.1,63.49999999999999,76.39999999999999,59.09999999999999,52.1,42.39999999999999,78.8,57.89999999999999
2.205934675869921,10.499999999999998,65.60000000000001,55.09999999999999,57.3,51.89999999999999,69.99999999999999,65.2,53.6,61.59999999999999,42.9,69.0,47.90000000000001,58.0,55.0,70.60000000000001,56.99999999999999,69.7,71.89999999999999,60.89999999999999,54.4,33.09999999999999,75.59999999999998,61.8
2.2039742632682806,13.499999999999998,61.99999999999999,56.6,63.2,47.2,71.5,66.89999999999999,48.6,59.3,50.10000000000001,65.3,47.8,59.6,49.9,63.7,56.1,72.3,67.09999999999998,64.19999999999999,54.7,30.09999999999999,67.5,64.99999999999999
2.2020173320073875,5.199999999999998,54.6,42.7,51.89999999999999,44.2,66.6,58.0,41.1,49.7,50.30000000000001,53.6,40.400000000000006,54.1,46.8,54.1,47.3,64.3,58.6,57.5,45.7,24.800000000000004,53.99999999999999,55.9
2.2000638728221142,2.800000000000001,55.1,36.3,45.3,48.10000000000001,60.1,56.00000000000001,41.0,47.400000000000006,51.80000000000001,52.8,43.8,50.4,52.3,44.0,47.2,60.9,58.3,58.1,44.6,27.40000000000001,50.69999999999999,48.79999999999999
2.1981138764801815,2.300000000000003,58.400000000000006,35.2,35.900000000000006,53.1,54.400000000000006,54.4,37.8,48.2,57.10000000000001,54.400000000000006,46.5,52.00000000000001,55.0,38.89999999999999,46.8,50.7,55.7,52.5,43.9,31.10000000000001,45.2,45.49999999999999
2.1961673337820127,2.0999999999999988,58.3,26.4,34.49999999999999,51.6,50.6,59.2,24.3,43.3,58.7,48.8,44.0,46.8,54.2,38.6,46.8,41.09999999999999,56.0,42.9,37.4,29.7,39.8,42.4
2.194224235560589,1.9000000000000008,54.49999999999999,29.8,34.5,46.19999999999999,53.50000000000001,61.8,15.2,43.39999999999999,57.9,43.7,37.1,48.1,52.2,29.200000000000006,40.2,41.7,47.00000000000001,40.1,30.599999999999994,31.1,35.6,39.3
2.1922845726813054,7.6,59.3,36.5,41.60000000000001,50.7,58.2,69.8,15.5,46.5,62.7,50.6,50.7,50.2,56.7,35.400000000000006,45.99999999999999,48.6,51.50000000000001,39.8,39.60000000000001,36.6,39.7,41.6
2.1903483360418288,12.2,62.5,54.69999999999999,43.5,52.7,64.39999999999999,75.30000000000001,19.1,51.89999999999999,70.19999999999999,53.1,57.6,50.400000000000006,59.8,43.6,55.8,50.8,55.400000000000006,35.8,44.900000000000006,40.89999999999999,42.5,46.5
2.1884155165719528,19.8,68.3,65.69999999999999,42.5,53.59999999999999,69.39999999999999,78.8,27.6,58.4,69.89999999999999,62.7,66.3,49.8,71.89999999999999,55.400000000000006,59.79999999999999,63.49999999999999,62.2,43.2,51.6,46.0,42.99999999999999,56.3
2.18648610523346,22.000000000000007,69.9,68.99999999999999,41.70000000000001,53.69999999999999,73.3,79.39999999999999,34.800000000000004,59.7,76.39999999999999,70.39999999999999,66.2,48.6,83.1,70.9,67.1,74.3,70.89999999999999,44.2,57.1,57.6,49.4,58.8
2.184560093019978,18.1,76.5,67.3,38.0,59.89999999999999,73.0,67.30000000000001,38.10000000000001,50.89999999999999,72.1,68.5,59.4,49.0,88.99999999999999,69.5,65.19999999999999,75.5,65.5,34.49999999999999,55.0,57.2,53.3,55.9
2.18263747095684,16.199999999999996,72.10000000000001,69.1,40.7,56.69999999999999,72.5,65.69999999999999,40.39999999999999,54.7,71.4,73.8,59.1,46.39999999999999,81.3,64.7,62.1,72.09999999999998,61.4,28.0,53.69999999999999,54.59999999999999,52.99999999999999,48.5
2.180718230100946,15.099999999999996,58.7,63.5,39.6,49.99999999999999,67.8,60.2,40.7,50.99999999999999,69.0,68.69999999999999,53.7,44.0,71.69999999999999,63.400000000000006,51.69999999999999,66.6,50.1,19.3,42.7,50.1,48.4,40.1
2.1788023615406242,20.800000000000004,54.5,64.7,39.9,43.6,66.39999999999999,64.9,44.6,54.6,71.89999999999999,64.5,61.9,42.8,75.39999999999999,66.80000000000001,50.49999999999999,70.0,49.8,20.3,40.8,49.7,51.2,39.99999999999999
2.176889856395492,27.4,63.4,76.5,46.8,51.2,70.89999999999999,70.2,59.0,73.2,73.89999999999999,69.19999999999999,74.8,47.6,75.99999999999999,76.10000000000001,55.0,80.8,58.2,37.4,48.69999999999999,48.8,63.5,46.49999999999999
2.1749807058163193,29.8,65.69999999999999,73.1,53.3,59.6,71.89999999999999,67.5,70.6,77.4,76.6,66.39999999999999,81.19999999999999,46.8,78.1,75.9,55.3,78.7,59.2,38.4,54.19999999999999,48.2,64.69999999999999,52.49999999999999
2.1730749009848935,24.8,64.99999999999999,67.8,40.9,57.3,58.49999999999999,58.3,69.3,71.69999999999999,70.69999999999999,53.3,71.8,40.1,69.6,72.2,44.8,66.60000000000001,49.0,31.8,43.9,42.5,60.60000000000001,52.3
2.1711724331138815,27.1,73.1,66.9,52.40000000000001,62.6,57.7,60.2,75.7,70.39999999999999,78.5,54.4,76.5,48.400000000000006,69.1,73.2,41.9,71.9,51.3,36.8,45.5,47.60000000000001,66.0,53.49999999999999
2.1692732934466954,25.3,71.19999999999999,63.3,58.900000000000006,70.9,60.3,65.89999999999999,77.7,69.7,81.9,49.1,70.6,52.400000000000006,65.5,71.0,41.5,66.89999999999999,46.900000000000006,36.9,41.69999999999999,47.8,75.9,44.49999999999999
2.1673774732573587,26.0,77.1,67.69999999999999,66.30000000000001,74.60000000000001,59.1,73.1,80.2,75.1,86.3,47.400000000000006,65.7,62.2,67.8,65.6,49.10000000000001,59.1,46.8,45.0,40.1,53.10000000000001,83.4,47.9
2.165484963850372,23.6,72.89999999999999,70.0,67.10000000000001,76.60000000000001,53.1,77.8,81.6,82.8,84.89999999999999,42.9,61.9,64.69999999999999,66.5,66.2,55.7,53.29999999999999,53.7,53.3,41.2,49.5,77.79999999999998,46.9
2.163595756560581,29.6,70.89999999999999,74.89999999999999,69.6,86.30000000000001,54.400000000000006,81.6,85.69999999999999,89.2,78.3,38.7,63.6,65.6,71.4,66.7,60.8,57.899999999999984,52.49999999999999,59.5,47.6,45.5,77.3,51.2
2.1617475288087724,27.6,81.09999999999998,81.89999999999999,81.0,97.8,67.3,86.39999999999999,88.2,96.2,80.0,48.6,67.5,71.80000000000001,74.9,73.7,64.89999999999999,60.49999999999999,60.5,63.69999999999999,57.400000000000006,50.400000000000006,70.6,58.2
2.1598648342652105,19.7,83.39999999999999,77.3,86.1,97.8,69.4,79.39999999999999,82.80000000000001,91.0,67.8,47.6,51.0,67.0,70.9,66.9,57.2,47.0,56.6,62.900000000000006,51.2,43.7,63.2,59.39999999999999
2.1579854161953325,18.6,86.39999999999999,75.5,85.19999999999999,98.1,72.10000000000001,71.3,83.2,79.30000000000001,62.89999999999999,44.2,38.7,67.89999999999999,70.0,58.0,50.3,41.00000000000001,53.7,59.3,51.0,49.89999999999999,59.19999999999999,56.39999999999999
2.1561092660534507,14.499999999999996,83.69999999999999,72.0,72.3,86.8,57.89999999999999,69.1,70.8,74.2,51.99999999999999,45.3,31.6,66.39999999999999,69.60000000000001,56.2,44.4,37.900000000000006,52.19999999999999,55.8,45.4,47.6,57.99999999999999,44.7
2.1542363753235696,10.699999999999998,72.9,61.2,68.6,74.7,52.0,63.1,66.0,67.29999999999998,42.19999999999999,38.1,29.6,63.7,65.1,49.2,43.39999999999999,31.399999999999995,49.1,55.900000000000006,39.6,45.49999999999999,55.8,35.89999999999999
2.1523667355192586,13.900000000000002,65.9,64.80000000000001,61.00000000000001,69.60000000000001,52.2,63.5,62.2,65.6,33.1,35.099999999999994,30.200000000000006,54.899999999999984,61.400000000000006,49.1,46.89999999999999,29.899999999999995,42.5,47.4,40.9,41.7,50.0,35.2
2.150500338183521,18.1,65.89999999999999,69.19999999999999,62.5,67.3,55.7,64.1,64.00000000000001,67.7,37.1,44.89999999999999,34.7,55.39999999999999,62.3,54.900000000000006,56.49999999999999,35.900000000000006,46.9,51.5,50.8,41.69999999999999,47.900000000000006,41.6
2.1486371748886692,16.5,61.8,65.8,58.0,68.4,49.3,54.1,64.7,62.900000000000006,27.0,47.2,39.2,47.7,57.8,53.7,46.1,33.6,44.0,50.9,51.5,36.2,38.99999999999999,33.9
2.1467772372361975,22.2,69.3,68.2,70.5,70.1,55.400000000000006,58.0,66.9,71.7,29.7,54.49999999999999,46.3,49.69999999999999,58.2,62.5,43.4,35.400000000000006,46.5,53.7,56.4,44.5,44.89999999999999,38.2
2.1449205168566534,19.2,71.19999999999999,65.89999999999999,74.79999999999998,63.1,45.5,52.99999999999999,58.49999999999999,57.29999999999998,28.1,55.5,40.0,47.49999999999999,52.60000000000001,65.19999999999999,37.7,36.00000000000001,49.39999999999999,51.9,43.6,46.00000000000001,42.3,40.1
2.1431040442447284,17.4,62.79999999999999,52.99999999999999,64.89999999999999,49.19999999999999,26.8,39.7,53.29999999999998,48.0,22.4,45.5,33.29999999999999,33.0,45.6,55.3,32.2,35.2,40.3,46.6,34.2,38.7,36.29999999999998,31.0
2.141253669487135,18.8,54.1,47.2,60.3,41.8,23.0,33.6,52.49999999999999,44.1,21.700000000000003,44.8,37.5,32.0,36.9,52.60000000000001,29.9,35.3,32.8,43.2,35.39999999999999,30.2,35.89999999999999,22.8
2.139406487232574,22.1,53.0,48.9,63.0,42.6,20.200000000000003,40.4,46.1,47.7,23.4,46.3,42.8,29.700000000000003,34.8,54.60000000000001,36.8,36.2,36.9,40.4,39.5,23.1,44.79999999999999,30.7
2.1375624892259952,23.6,66.9,62.400000000000006,74.1,47.9,33.3,49.7,58.3,55.7,36.7,49.8,56.400000000000006,34.7,31.3,59.7,51.3,48.79999999999999,48.4,44.8,58.400000000000006,32.0,48.79999999999999,49.3
2.1357216672407855,26.1,75.6,70.69999999999999,79.7,56.99999999999999,38.1,52.99999999999999,59.49999999999999,59.0,53.10000000000001,61.8,57.900000000000006,42.1,34.2,66.0,62.8,57.69999999999999,54.39999999999999,49.9,66.4,37.5,44.89999999999999,52.900000000000006
2.133884013078644,21.8,71.19999999999999,63.5,80.0,55.2,31.099999999999994,46.2,54.2,55.8,50.00000000000001,60.99999999999999,51.0,42.3,34.0,61.400000000000006,60.8,50.6,49.8,55.2,56.8,36.1,46.5,53.1
2.132086177547757,18.0,74.0,58.2,74.99999999999999,58.4,24.799999999999997,51.00000000000001,49.7,56.5,43.2,48.69999999999999,52.2,44.99999999999999,39.1,56.0,52.29999999999999,47.3,44.39999999999999,47.19999999999999,52.3,34.4,43.6,53.0
2.1302547715988935,20.100000000000005,76.3,60.1,65.8,61.3,27.299999999999997,53.900000000000006,45.9,59.8,48.50000000000001,48.1,52.6,44.3,38.4,53.7,53.2,51.6,43.5,47.7,50.7,37.6,42.49999999999999,58.1
2.1284265092088774,13.099999999999998,71.4,56.99999999999999,54.3,57.3,25.5,51.3,39.1,48.5,49.5,50.1,46.5,38.00000000000001,37.7,49.7,49.9,46.9,38.2,43.3,45.99999999999999,33.7,39.7,52.2
2.1266013822908985,20.600000000000005,80.4,60.8,52.1,63.3,30.2,58.6,48.5,55.6,54.2,59.5,55.8,47.30000000000001,47.9,56.4,55.6,45.4,42.0,48.1,61.29999999999999,36.2,45.7,61.1
2.1247793827858596,25.8,85.9,73.39999999999999,50.5,66.5,38.6,69.1,55.5,59.2,54.69999999999999,64.0,59.39999999999999,58.900000000000006,51.79999999999999,59.6,58.5,44.0,47.5,51.49999999999999,68.39999999999999,35.9,56.99999999999999,65.89999999999999
2.1229605026622607,20.399999999999995,83.19999999999999,68.1,45.29999999999999,62.8,28.999999999999996,70.09999999999998,46.3,57.50000000000001,52.99999999999999,54.3,52.2,54.6,50.3,57.1,57.6,41.9,49.8,43.49999999999999,61.09999999999999,34.39999999999999,58.99999999999999,64.19999999999999
2.1211810188511406,7.199999999999997,74.69999999999999,58.79999999999999,37.99999999999999,53.1,24.2,66.89999999999999,47.9,56.0,50.4,49.49999999999999,45.2,54.3,47.99999999999999,52.3,50.8,41.6,36.3,43.8,56.89999999999999,36.59999999999999,48.9,51.3
2.11936829151569,3.6999999999999975,62.39999999999999,55.7,33.5,55.900000000000006,26.600000000000005,69.4,44.7,58.7,44.29999999999999,50.5,41.7,60.3,57.5,55.6,46.400000000000006,35.9,31.100000000000005,48.7,45.9,37.69999999999999,47.6,44.8
2.1175586597902933,9.9,64.8,65.39999999999999,36.6,64.9,35.2,80.1,55.2,69.10000000000001,42.3,55.6,46.80000000000001,73.10000000000001,70.4,64.0,46.1,46.2,38.0,55.900000000000006,53.1,48.39999999999999,56.8,55.20000000000001
2.1157521157521155,4.999999999999998,65.6,63.99999999999999,35.800000000000004,65.69999999999999,35.2,82.89999999999999,58.00000000000001,71.89999999999999,42.8,57.1,41.1,75.6,70.5,64.1,41.3,47.69999999999999,37.1,58.89999999999999,59.5,47.8,53.3,50.8
2.113948651505336,7.1,74.0,74.8,45.400000000000006,67.8,39.2,84.2,70.0,79.60000000000001,54.900000000000006,69.30000000000001,39.99999999999999,78.79999999999998,71.7,70.79999999999998,47.4,55.6,38.7,75.5,71.0,57.6,61.8,54.4
2.112184236973444,-3.8000000000000016,65.39999999999999,65.69999999999999,37.3,58.400000000000006,27.699999999999992,76.99999999999999,67.3,71.4,46.5,60.2,27.5,71.2,62.49999999999999,60.69999999999999,41.89999999999999,47.7,35.99999999999999,64.8,64.69999999999999,50.1,57.7,44.9
2.11038684752455,-0.2999999999999989,55.4,68.7,36.1,54.2,23.599999999999994,72.7,67.5,69.60000000000001,37.99999999999999,51.5,28.999999999999996,68.9,56.1,54.6,39.1,48.4,30.0,56.29999999999999,60.3,38.69999999999999,52.29999999999999,45.2
2.108592514496573,-12.1,38.0,58.2,27.9,46.20000000000001,20.5,62.6,53.7,56.49999999999999,29.099999999999994,38.6,24.4,59.2,46.7,43.8,30.0,40.2,28.2,47.7,48.4,26.699999999999992,40.400000000000006,32.4
2.1068012301000727,-12.499999999999996,33.0,51.7,27.0,43.20000000000001,21.8,54.99999999999999,48.99999999999999,54.7,26.099999999999994,38.4,30.000000000000007,51.49999999999999,45.0,43.1,31.099999999999994,41.4,29.3,46.10000000000001,49.1,24.099999999999994,37.99999999999999,35.5
2.105048721692188,-8.099999999999996,43.400000000000006,65.6,34.300000000000004,49.6,37.1,61.2,57.7,62.900000000000006,30.3,49.4,37.5,55.4,50.3,45.5,38.6,53.10000000000001,38.8,54.60000000000001,64.6,37.2,39.7,46.6
2.1032634507090036,-3.6,46.60000000000001,70.10000000000001,47.3,55.7,45.0,62.1,58.1,62.29999999999999,33.2,51.2,45.6,55.8,51.6,45.50000000000001,43.9,53.400000000000006,44.89999999999999,49.30000000000001,60.99999999999999,42.2,46.4,54.1
2.1014812053011562,-6.5,47.2,53.99999999999999,48.3,49.400000000000006,33.39999999999999,45.89999999999999,49.1,46.1,26.899999999999995,43.99999999999999,34.39999999999999,40.19999999999999,31.799999999999997,28.1,33.4,43.29999999999999,39.9,40.10000000000001,51.69999999999999,31.299999999999997,35.2,40.79999999999999
2.0997019777837984,-12.7,43.900000000000006,44.9,43.6,40.8,28.0,30.199999999999992,39.1,35.2,23.7,41.9,31.0,22.9,14.8,12.699999999999998,29.9,32.2,33.5,32.2,35.49999999999999,16.1,22.5,28.7
2.0979612553929448,-4.299999999999997,46.0,42.5,41.3,44.6,27.200000000000003,37.7,39.4,31.3,31.0,40.2,41.0,23.3,15.8,11.899999999999997,32.2,33.6,39.0,32.0,33.5,19.800000000000004,27.700000000000003,34.300000000000004
2.0961879807285944,-3.299999999999998,38.4,35.2,39.9,40.3,26.200000000000003,34.400000000000006,36.3,23.200000000000003,23.4,40.2,47.7,24.300000000000004,15.6,9.2,36.50000000000001,32.9,47.5,28.0,31.6,16.6,22.4,37.5
2.0944177012076683,-2.6000000000000014,38.89999999999999,38.9,50.99999999999999,44.4,35.1,32.2,38.2,20.599999999999994,21.6,45.4,50.39999999999999,33.800000000000004,19.8,11.799999999999995,41.5,35.7,52.29999999999999,32.2,38.0,18.9,24.9,39.1
2.09268572585817,-10.5,44.8,33.1,46.4,46.8,37.2,31.2,36.7,17.8,26.8,47.5,42.7,38.4,21.9,14.1,46.0,32.9,54.8,36.9,34.7,25.8,25.1,34.7
2.090921354377445,0.2000000000000019,61.7,35.7,54.0,46.3,43.6,38.9,43.7,25.4,30.299999999999997,53.9,52.30000000000001,46.5,30.4,21.40000000000001,53.8,40.89999999999999,54.3,43.89999999999999,41.8,35.50000000000001,33.1,34.9
2.0891599555211107,-0.4999999999999982,69.1,39.60000000000001,62.49999999999999,48.8,41.50000000000001,52.7,42.4,27.8,37.2,54.1,56.10000000000001,54.2,39.9,26.0,62.8,42.39999999999999,54.4,53.39999999999999,43.5,37.0,33.2,34.2
2.087401521783045,-0.6999999999999975,70.5,31.499999999999996,61.9,52.6,36.6,51.6,47.50000000000001,24.0,41.9,58.10000000000001,57.4,54.9,45.2,25.0,65.9,43.1,56.7,52.89999999999999,37.6,29.6,34.1,33.8
2.0856811262678083,2.9000000000000017,69.1,27.6,52.2,42.29999999999999,29.1,50.7,44.6,21.1,48.2,60.7,51.5,55.6,48.1,23.2,57.1,40.0,54.8,54.0,37.2,23.5,28.1,32.1
2.08392854141808,11.6,70.89999999999999,33.5,48.4,44.3,28.1,55.39999999999999,48.7,23.4,55.1,66.6,57.3,56.49999999999999,65.0,33.4,63.70000000000001,45.8,56.7,58.0,48.3,31.0,37.1,46.10000000000001
2.082178899467701,12.4,70.5,29.399999999999995,49.2,45.3,27.40000000000001,52.5,49.3,22.9,54.99999999999999,62.8,52.00000000000001,57.6,71.8,39.1,67.9,49.6,55.6,52.50000000000001,55.39999999999999,34.8,41.2,49.30000000000001
2.080467098419516,5.9,69.5,32.2,48.5,43.400000000000006,34.2,35.1,44.1,26.4,51.2,67.5,45.8,55.2,67.39999999999999,39.1,71.8,48.6,52.99999999999999,47.6,55.9,30.399999999999995,36.3,44.6
2.078723261583853,1.1999999999999975,72.0,40.1,44.50000000000001,41.2,39.5,33.7,38.3,28.1,49.39999999999999,60.49999999999999,41.3,49.3,62.49999999999999,42.4,72.4,45.7,44.39999999999999,46.0,51.2,32.2,36.0,42.1
2.076982345650062,4.899999999999999,78.0,44.8,42.5,39.39999999999999,39.1,41.2,33.9,35.8,55.49999999999999,57.2,45.8,48.8,66.5,49.89999999999999,72.89999999999999,54.3,34.4,45.39999999999999,43.7,35.2,41.900000000000006,50.1
2.0752790748271996,9.6,83.9,50.5,45.0,40.8,33.9,42.0,36.99999999999999,42.2,55.0,57.9,60.7,48.9,68.5,52.39999999999999,72.49999999999999,61.8,36.8,43.400000000000006,47.7,41.0,42.7,54.9
2.073543920670223,10.000000000000004,75.79999999999998,50.49999999999999,43.99999999999999,44.9,32.0,32.300000000000004,31.0,45.2,54.7,55.7,52.8,44.9,60.1,43.1,64.8,56.6,35.4,35.2,41.1,43.3,41.4,52.5
2.0718116656363303,10.7,75.7,46.1,33.8,47.6,39.50000000000001,23.700000000000003,34.599999999999994,43.5,49.9,54.9,46.89999999999999,40.2,52.3,40.39999999999999,48.2,53.89999999999999,32.0,27.1,39.89999999999999,42.49999999999999,48.1,48.1
2.0701168614357264,10.2,66.1,42.8,31.6,42.2,39.3,14.799999999999995,27.3,41.2,39.5,48.89999999999999,42.49999999999999,39.6,46.3,39.89999999999999,33.599999999999994,47.89999999999999,23.3,28.0,37.6,42.79999999999999,42.7,40.4
2.0683903252710594,6.199999999999998,60.49999999999999,39.7,30.099999999999994,41.99999999999999,39.39999999999999,16.1,28.8,43.9,23.3,46.79999999999999,35.599999999999994,41.3,38.0,34.3,29.6,42.79999999999999,25.5,23.300000000000004,28.399999999999995,40.39999999999999,38.8,34.6
2.066666666666667,-1.0000000000000029,59.49999999999999,42.1,35.099999999999994,41.9,45.2,18.5,29.8,47.3,20.1,44.2,36.6,51.0,31.1,35.8,29.90000000000001,40.6,25.0,18.2,22.0,39.39999999999999,37.20000000000001,22.3
2.064980266116005,-0.2999999999999998,57.6,46.4,35.099999999999994,39.6,45.0,21.8,28.200000000000003,52.0,18.8,41.6,39.8,47.6,30.399999999999995,30.3,29.300000000000004,38.2,24.4,18.4,18.1,38.39999999999999,37.5,19.8
2.0632622838982346,0.6999999999999995,55.99999999999999,39.49999999999999,31.399999999999995,35.5,39.3,28.8,31.200000000000003,51.0,18.0,35.599999999999994,34.0,44.49999999999999,31.6,24.8,24.6,33.79999999999999,24.5,17.4,13.200000000000005,41.1,31.0,12.899999999999997
2.0615814324665824,6.1,52.8,32.099999999999994,29.799999999999997,34.2,28.399999999999995,34.7,33.0,54.19999999999999,23.0,36.39999999999999,31.2,37.7,32.9,21.2,16.6,31.2,28.4,12.200000000000005,9.1,38.5,29.499999999999996,10.8
2.0598690986411508,7.1,48.6,28.1,27.1,32.3,23.8,32.8,43.8,49.8,22.0,46.00000000000001,29.8,32.5,26.0,14.900000000000002,12.6,23.3,36.3,15.500000000000002,15.900000000000002,36.99999999999999,25.5,11.7
2.0581596069579073,11.400000000000004,42.1,28.500000000000007,26.2,29.3,29.7,33.7,50.3,42.0,21.5,49.69999999999999,21.399999999999995,28.1,23.9,12.7,7.5,21.7,36.7,20.700000000000003,15.3,39.3,36.70000000000001,10.6
2.05648705574075,4.199999999999998,44.4,37.30000000000001,26.4,34.4,30.7,37.3,60.6,38.400000000000006,19.5,49.6,24.2,21.299999999999997,25.9,17.299999999999997,10.800000000000002,21.4,35.8,33.7,19.1,33.9,34.39999999999999,13.9
2.054783170662999,2.2,41.6,41.0,33.7,30.2,21.4,34.4,54.3,38.400000000000006,19.0,43.7,12.599999999999996,24.5,25.9,17.1,15.800000000000004,18.5,37.6,36.2,14.2,36.8,28.0,10.7
2.053116100404,-1.299999999999999,51.00000000000001,47.2,32.89999999999999,33.0,22.5,39.8,52.3,36.0,27.2,43.99999999999999,16.5,30.200000000000003,29.9,18.1,29.000000000000007,20.4,39.3,35.9,17.0,42.4,32.9,13.699999999999998
2.051417794394997,-1.9000000000000008,58.7,50.6,35.8,36.6,22.7,27.09999999999999,48.7,31.700000000000003,31.4,45.9,21.8,27.5,37.8,19.0,37.7,26.0,32.9,38.9,26.9,44.99999999999999,38.0,20.2
2.049722295688971,2.6,70.2,54.1,42.3,37.4,25.1,31.9,51.0,31.3,40.00000000000001,48.7,21.6,25.40000000000001,45.4,13.499999999999998,37.5,32.2,36.3,41.3,35.2,45.6,39.4,25.7
2.0480634238995785,5.600000000000001,78.19999999999999,58.8,48.4,38.3,26.4,38.9,52.9,26.2,46.1,48.99999999999999,15.199999999999998,31.6,53.900000000000006,12.9,35.5,34.7,37.1,41.79999999999999,41.5,46.2,39.0,27.6
2.046373463157026,5.299999999999999,83.70000000000002,68.3,55.4,41.2,31.1,39.8,51.99999999999999,25.3,44.8,49.79999999999999,21.5,34.4,58.0,18.2,43.0,39.9,36.0,37.7,45.2,45.99999999999999,46.9,38.6
2.0447200052766967,12.600000000000003,88.4,73.10000000000001,59.99999999999999,47.7,39.0,33.7,48.99999999999999,21.4,44.1,54.1,30.5,44.00000000000001,63.0,18.5,52.8,42.6,33.8,47.3,43.0,44.900000000000006,49.5,36.4
2.043035555409101,13.5,87.9,74.69999999999999,63.6,51.2,47.5,34.2,41.0,21.0,41.7,39.7,36.5,40.99999999999999,72.5,20.3,54.7,40.8,27.0,45.7,37.5,46.1,48.3,28.3
2.041387484977693,6.599999999999999,89.19999999999999,69.89999999999999,65.69999999999999,56.2,42.6,32.1,33.8,22.5,42.5,32.599999999999994,38.5,37.8,72.6,17.6,56.2,41.1,22.7,43.7,37.2,44.7,36.6,33.4
2.03970851907292,7.800000000000001,89.99999999999999,64.2,67.89999999999999,50.6,41.5,33.9,32.9,22.0,46.6,31.6,42.1,45.6,75.2,25.6,64.6,47.2,24.2,38.2,37.60000000000001,52.5,37.3,40.3
2.0380658098024393,2.4999999999999987,87.5,54.2,64.3,47.69999999999999,42.6,32.0,33.9,22.6,42.6,31.5,55.89999999999999,45.7,68.8,22.5,71.4,51.2,19.399999999999995,30.899999999999995,39.6,52.5,31.599999999999994,42.6
2.0363923011233003,4.2,89.7,57.6,65.39999999999999,46.6,44.1,37.8,37.9,26.5,42.0,35.9,52.7,45.6,61.3,22.6,69.0,54.3,19.9,32.599999999999994,40.7,50.69999999999999,28.9,47.3
2.034721538512028,13.4,96.2,68.9,74.6,58.9,55.5,52.60000000000001,45.8,44.70000000000001,53.600000000000016,40.3,62.49999999999999,56.1,64.10000000000001,39.8,78.9,59.900000000000006,33.300000000000004,47.2,50.20000000000002,55.5,35.900000000000006,50.5
2.0330868488793428,19.9,89.3,74.89999999999999,80.7,62.2,62.2,50.3,44.4,54.0,54.50000000000001,44.7,65.8,58.900000000000006,67.5,44.9,88.3,62.5,38.0,56.2,50.0,65.0,41.3,57.60000000000001
2.0314215035795615,16.099999999999998,80.8,71.1,79.8,62.7,63.3,47.9,45.400000000000006,61.2,53.49999999999999,44.7,65.29999999999998,54.5,60.4,48.6,85.8,51.1,38.1,64.39999999999999,45.6,62.3,46.3,56.7
2.029792110001637,13.7,74.30000000000001,71.0,76.4,65.2,62.8,48.5,44.5,63.1,58.5,45.1,65.3,55.400000000000006,56.9,48.8,77.8,51.0,33.89999999999999,73.49999999999999,41.8,62.3,46.7,52.8
2.0281321557082106,6.399999999999999,71.2,67.2,78.30000000000001,66.80000000000001,58.2,48.1,47.1,66.6,59.1,43.4,62.0,52.900000000000006,54.1,49.9,68.2,54.1,38.4,65.3,45.1,57.6,40.6,55.6
2.0265080324894997,0.4999999999999955,69.60000000000001,71.1,77.09999999999998,65.3,47.9,45.3,46.5,61.99999999999999,56.9,51.7,59.2,54.7,45.8,46.3,61.8,48.2,41.5,59.1,43.6,48.7,32.99999999999999,50.7
2.0248534430673266,1.4999999999999982,70.9,71.4,74.3,60.7,53.0,43.89999999999999,47.7,63.2,54.8,54.39999999999999,55.99999999999999,56.40000000000001,42.0,49.6,62.1,53.50000000000001,45.900000000000006,53.0,43.0,42.99999999999999,38.1,42.0
2.0232345646782406,3.4000000000000004,66.6,77.30000000000001,69.4,61.5,61.3,44.3,46.0,71.69999999999999,55.3,59.1,52.2,55.70000000000001,38.4,43.5,57.6,58.9,48.5,51.79999999999999,44.2,42.9,46.2,39.3
2.021585314160879,11.1,61.9,85.80000000000001,67.49999999999999,69.0,65.0,45.5,54.1,71.19999999999999,65.9,59.99999999999999,47.7,56.30000000000001,46.2,45.6,57.5,71.2,52.9,54.899999999999984,43.0,47.5,56.3,42.6
2.019971655236451,13.3,51.29999999999999,76.30000000000001,68.3,67.5,61.8,41.0,51.5,59.79999999999999,64.3,53.8,44.5,48.50000000000001,47.5,44.4,52.1,70.8,51.4,53.6,38.6,42.8,56.900000000000006,40.3
2.018360570349632,6.3,51.6,69.60000000000001,59.6,62.2,58.20000000000001,42.30000000000001,50.3,40.4,55.69999999999999,53.3,43.2,37.9,44.2,37.8,39.6,67.8,53.70000000000001,43.89999999999999,32.1,39.2,49.4,34.7
2.0167192531633216,0.6000000000000003,57.8,64.00000000000001,46.7,63.400000000000006,54.10000000000001,45.2,56.8,37.8,48.6,47.1,40.9,30.6,40.2,37.8,24.9,69.3,49.2,38.2,23.899999999999995,29.0,45.7,33.2
2.0151133501259446,3.0,60.5,64.7,40.5,58.900000000000006,50.9,49.8,58.0,34.900000000000006,42.3,47.1,48.5,31.3,35.099999999999994,36.0,22.7,81.3,46.39999999999999,37.2,20.0,27.1,40.900000000000006,33.4
2.013477307785987,4.199999999999999,60.49999999999999,63.99999999999999,41.7,48.79999999999999,50.7,48.6,58.5,36.6,38.1,47.900000000000006,45.4,26.2,32.2,37.3,24.5,82.10000000000001,53.29999999999999,38.5,17.199999999999996,24.6,37.3,34.9
2.011876561638057,7.900000000000001,60.2,70.3,35.599999999999994,43.50000000000001,54.3,40.79999999999999,61.2,32.7,36.3,49.2,43.1,22.6,25.3,35.4,25.8,75.89999999999999,48.3,35.599999999999994,12.299999999999995,27.1,39.8,27.7
2.01024576875689,14.2,65.0,68.0,33.2,46.10000000000001,61.69999999999999,34.8,62.2,39.0,43.0,51.1,43.0,24.0,27.1,38.7,35.099999999999994,77.6,45.89999999999999,41.1,17.299999999999997,36.2,48.29999999999999,31.7
2.008650154698459,20.000000000000004,64.2,71.8,28.599999999999994,52.00000000000001,59.3,40.49999999999999,53.8,39.9,45.7,48.0,46.9,22.2,29.7,36.5,34.7,65.5,38.59999999999999,45.3,20.3,28.89999999999999,48.89999999999999,27.599999999999994
2.007024586051179,24.6,67.1,66.5,24.8,50.4,48.8,45.89999999999999,52.8,35.1,44.8,38.99999999999999,39.6,24.9,30.9,35.39999999999999,30.4,56.6,35.3,45.2,25.2,21.599999999999994,39.6,20.799999999999997
2.005434079441066,27.7,72.5,66.2,30.1,52.6,47.6,47.6,56.0,40.0,40.8,42.3,41.9,30.9,31.7,35.99999999999999,28.8,42.3,37.6,46.0,31.1,17.7,29.7,20.199999999999992
2.003813709964125,27.8,79.4,79.1,29.5,61.3,48.900000000000006,47.3,65.8,48.3,43.89999999999999,48.2,47.1,38.2,38.7,39.7,34.400000000000006,41.00000000000001,41.99999999999999,42.900000000000006,38.8,22.4,24.8,23.799999999999997
2.002228286318645,30.9,72.2,84.5,34.2,63.4,52.2,42.7,71.2,64.89999999999999,53.59999999999999,47.1,45.900000000000006,42.8,46.6,46.2,40.9,46.400000000000006,42.5,41.40000000000001,42.0,26.9,27.6,28.099999999999994
2.000645369474024,31.6,62.7,83.39999999999999,33.2,57.9,44.29999999999999,34.8,63.1,64.6,49.8,46.6,42.39999999999999,43.8,41.1,39.6,45.1,39.1,36.3,36.0,45.1,25.7,15.499999999999998,20.8
